run_type,algorithm,subset_id,subset_clients,seed,graph_id,dataset_id,phase,split,task,round,local_epoch,train_loss,eval_loss,pair_acc,subset_acc,micro_f1,macro_f1,macro_pos_f1,macro_minority_f1,num_nodes,tp,fp,tn,fn,precision,recall,f1,positive_f1,minority_f1,pos_cnt,pos_rate
fedavg,fedavg,434|504,434|504,2,434,data_4000_5_2.0_chordal,train_epoch,train,,1,1.0,0.5341954741477967,,,,,,,,4000,,,,,,,,,,,
fedavg,fedavg,434|504,434|504,2,434,data_4000_5_2.0_chordal,train_epoch,train,,1,2.0,0.339075918674469,,,,,,,,4000,,,,,,,,,,,
fedavg,fedavg,434|504,434|504,2,434,data_4000_5_2.0_chordal,train_epoch,train,,1,3.0,0.29466899132728575,,,,,,,,4000,,,,,,,,,,,
fedavg,fedavg,434|504,434|504,2,434,data_4000_5_2.0_chordal,train_epoch,train,,1,4.0,0.26400309813022615,,,,,,,,4000,,,,,,,,,,,
fedavg,fedavg,434|504,434|504,2,434,data_4000_5_2.0_chordal,train_epoch,train,,1,5.0,0.2568781501054764,,,,,,,,4000,,,,,,,,,,,
fedavg,fedavg,434|504,434|504,2,434,data_4000_5_2.0_chordal,val_epoch,val,,1,,,0.23173328828811646,0.90295,0.6489999890327454,0.8938009520161952,0.8825893402099609,0.8825893402099609,0.8825893402099609,4000,,,,,,,,,,,
fedavg,fedavg,434|504,434|504,2,434,data_4000_5_2.0_chordal,val_epoch_task,val,cycle2,1,,,,,,,,,,4000,1986.0,20.0,1994.0,0.0,0.9900299102691924,1.0,0.9949899911880493,0.9949899911880493,0.9949899911880493,1986.0,0.4964999854564667
fedavg,fedavg,434|504,434|504,2,434,data_4000_5_2.0_chordal,val_epoch_task,val,cycle3,1,,,,,,,,,,4000,1982.0,73.0,1940.0,5.0,0.9644768856447689,0.9974836436839456,0.9807026386260986,0.9807026386260986,0.9807026386260986,1987.0,0.49674999713897705
fedavg,fedavg,434|504,434|504,2,434,data_4000_5_2.0_chordal,val_epoch_task,val,cycle4,1,,,,,,,,,,4000,1737.0,205.0,2032.0,26.0,0.8944387229660145,0.9852524106636416,0.9376518726348877,0.9376518726348877,0.9376518726348877,1763.0,0.44075000286102295
fedavg,fedavg,434|504,434|504,2,434,data_4000_5_2.0_chordal,val_epoch_task,val,cycle5,1,,,,,,,,,,4000,1408.0,512.0,1963.0,117.0,0.7333333333333333,0.9232786885245902,0.8174165487289429,0.8174165487289429,0.8174165487289429,1525.0,0.3812499940395355
fedavg,fedavg,434|504,434|504,2,434,data_4000_5_2.0_chordal,val_epoch_task,val,cycle6,1,,,,,,,,,,4000,1055.0,899.0,1962.0,84.0,0.5399181166837257,0.926251097453907,0.6821855902671814,0.6821855902671814,0.6821855902671814,1139.0,0.2847500145435333
fedavg,fedavg,434|504,434|504,2,504,data_2000_3_11_chordal,train_epoch,train,,1,1.0,1.0746979131698609,,,,,,,,2000,,,,,,,,,,,
fedavg,fedavg,434|504,434|504,2,504,data_2000_3_11_chordal,train_epoch,train,,1,2.0,0.6990813012123108,,,,,,,,2000,,,,,,,,,,,
fedavg,fedavg,434|504,434|504,2,504,data_2000_3_11_chordal,train_epoch,train,,1,3.0,0.5556172962188721,,,,,,,,2000,,,,,,,,,,,
fedavg,fedavg,434|504,434|504,2,504,data_2000_3_11_chordal,train_epoch,train,,1,4.0,0.5359960718154907,,,,,,,,2000,,,,,,,,,,,
fedavg,fedavg,434|504,434|504,2,504,data_2000_3_11_chordal,train_epoch,train,,1,5.0,0.4487185781002045,,,,,,,,2000,,,,,,,,,,,
fedavg,fedavg,434|504,434|504,2,504,data_2000_3_11_chordal,val_epoch,val,,1,,,0.6443375768661499,0.8852,0.7350000143051147,0.5212677231025855,0.5344520211219788,0.5344520211219788,0.5344520211219788,2000,,,,,,,,,,,
fedavg,fedavg,434|504,434|504,2,504,data_2000_3_11_chordal,val_epoch_task,val,cycle2,1,,,,,,,,,,2000,82.0,119.0,1799.0,0.0,0.4079601990049751,1.0,0.5795053243637085,0.5795053243637085,0.5795053243637085,82.0,0.04100000113248825
fedavg,fedavg,434|504,434|504,2,504,data_2000_3_11_chordal,val_epoch_task,val,cycle3,1,,,,,,,,,,2000,116.0,166.0,1706.0,12.0,0.41134751773049644,0.90625,0.5658536553382874,0.5658536553382874,0.5658536553382874,128.0,0.06400000303983688
fedavg,fedavg,434|504,434|504,2,504,data_2000_3_11_chordal,val_epoch_task,val,cycle4,1,,,,,,,,,,2000,149.0,191.0,1652.0,8.0,0.43823529411764706,0.9490445859872612,0.5995975732803345,0.5995975732803345,0.5995975732803345,157.0,0.07850000262260437
fedavg,fedavg,434|504,434|504,2,504,data_2000_3_11_chordal,val_epoch_task,val,cycle5,1,,,,,,,,,,2000,125.0,202.0,1611.0,62.0,0.382262996941896,0.6684491978609626,0.4863813519477844,0.4863813519477844,0.4863813519477844,187.0,0.09350000321865082
fedavg,fedavg,434|504,434|504,2,504,data_2000_3_11_chordal,val_epoch_task,val,cycle6,1,,,,,,,,,,2000,153.0,358.0,1459.0,30.0,0.299412915851272,0.8360655737704918,0.44092220067977905,0.44092220067977905,0.44092220067977905,183.0,0.09149999916553497
fedavg,fedavg,434|504,434|504,2,434,data_4000_5_2.0_chordal,global_val_client,val,,1,,,0.6130691199302674,0.68935,0.296750009059906,0.4453173823765735,0.43793416023254395,0.43793416023254395,0.43793416023254395,4000,,,,,,,,,,,
fedavg,fedavg,434|504,434|504,2,434,data_4000_5_2.0_chordal,global_val_client_task,val,cycle2,1,,,,,,,,,,4000,299.0,0.0,2014.0,1687.0,1.0,0.15055387713997986,0.26170676946640015,0.26170676946640015,0.26170676946640015,1986.0,0.4964999854564667
fedavg,fedavg,434|504,434|504,2,434,data_4000_5_2.0_chordal,global_val_client_task,val,cycle3,1,,,,,,,,,,4000,892.0,44.0,1969.0,1095.0,0.9529914529914529,0.4489179667840966,0.6103318333625793,0.6103318333625793,0.6103318333625793,1987.0,0.49674999713897705
fedavg,fedavg,434|504,434|504,2,434,data_4000_5_2.0_chordal,global_val_client_task,val,cycle4,1,,,,,,,,,,4000,431.0,20.0,2217.0,1332.0,0.9556541019955654,0.24446965399886558,0.3893405497074127,0.3893405497074127,0.3893405497074127,1763.0,0.44075000286102295
fedavg,fedavg,434|504,434|504,2,434,data_4000_5_2.0_chordal,global_val_client_task,val,cycle5,1,,,,,,,,,,4000,394.0,49.0,2426.0,1131.0,0.8893905191873589,0.2583606557377049,0.40040650963783264,0.40040650963783264,0.40040650963783264,1525.0,0.3812499940395355
fedavg,fedavg,434|504,434|504,2,434,data_4000_5_2.0_chordal,global_val_client_task,val,cycle6,1,,,,,,,,,,4000,478.0,194.0,2667.0,661.0,0.7113095238095238,0.4196663740122915,0.5278851389884949,0.5278851389884949,0.5278851389884949,1139.0,0.2847500145435333
fedavg,fedavg,434|504,434|504,2,504,data_2000_3_11_chordal,global_val_client,val,,1,,,1.391347424507141,0.9286,0.7634999752044678,0.09620253164556963,0.09289021790027618,0.09289021790027618,0.09289021790027618,2000,,,,,,,,,,,
fedavg,fedavg,434|504,434|504,2,504,data_2000_3_11_chordal,global_val_client_task,val,cycle2,1,,,,,,,,,,2000,1.0,0.0,1918.0,81.0,1.0,0.012195121951219513,0.024096384644508362,0.024096384644508362,0.024096384644508362,82.0,0.04100000113248825
fedavg,fedavg,434|504,434|504,2,504,data_2000_3_11_chordal,global_val_client_task,val,cycle3,1,,,,,,,,,,2000,21.0,8.0,1864.0,107.0,0.7241379310344828,0.1640625,0.2675159275531769,0.2675159275531769,0.2675159275531769,128.0,0.06400000303983688
fedavg,fedavg,434|504,434|504,2,504,data_2000_3_11_chordal,global_val_client_task,val,cycle4,1,,,,,,,,,,2000,4.0,0.0,1843.0,153.0,1.0,0.025477707006369428,0.04968944564461708,0.04968944564461708,0.04968944564461708,157.0,0.07850000262260437
fedavg,fedavg,434|504,434|504,2,504,data_2000_3_11_chordal,global_val_client_task,val,cycle5,1,,,,,,,,,,2000,5.0,0.0,1813.0,182.0,1.0,0.026737967914438502,0.0520833358168602,0.0520833358168602,0.0520833358168602,187.0,0.09350000321865082
fedavg,fedavg,434|504,434|504,2,504,data_2000_3_11_chordal,global_val_client_task,val,cycle6,1,,,,,,,,,,2000,7.0,7.0,1810.0,176.0,0.5,0.03825136612021858,0.0710659921169281,0.0710659921169281,0.0710659921169281,183.0,0.09149999916553497
fedavg,fedavg,434|504,434|504,2,all,all,global_val_mean,val,,1,,,0.872495221455892,0.7691,0.45233333110809326,0.3289457654662389,0.3229195127884547,0.3229195127884547,0.3229195127884547,6000,,,,,,,,,,,
fedavg,fedavg,434|504,434|504,2,434,data_4000_5_2.0_chordal,train_epoch,train,,2,1.0,0.2594067268371582,,,,,,,,4000,,,,,,,,,,,
fedavg,fedavg,434|504,434|504,2,434,data_4000_5_2.0_chordal,train_epoch,train,,2,2.0,0.21989897990226745,,,,,,,,4000,,,,,,,,,,,
fedavg,fedavg,434|504,434|504,2,434,data_4000_5_2.0_chordal,train_epoch,train,,2,3.0,0.20981433701515198,,,,,,,,4000,,,,,,,,,,,
fedavg,fedavg,434|504,434|504,2,434,data_4000_5_2.0_chordal,train_epoch,train,,2,4.0,0.2030260466337204,,,,,,,,4000,,,,,,,,,,,
fedavg,fedavg,434|504,434|504,2,434,data_4000_5_2.0_chordal,train_epoch,train,,2,5.0,0.20418690413236618,,,,,,,,4000,,,,,,,,,,,
fedavg,fedavg,434|504,434|504,2,434,data_4000_5_2.0_chordal,val_epoch,val,,2,,,0.19936888742446898,0.9306,0.7247499823570251,0.9192741654065372,0.904563307762146,0.904563307762146,0.904563307762146,4000,,,,,,,,,,,
fedavg,fedavg,434|504,434|504,2,434,data_4000_5_2.0_chordal,val_epoch_task,val,cycle2,2,,,,,,,,,,4000,1982.0,43.0,1971.0,4.0,0.9787654320987654,0.9979859013091642,0.9882822632789612,0.9882822632789612,0.9882822632789612,1986.0,0.4964999854564667
fedavg,fedavg,434|504,434|504,2,434,data_4000_5_2.0_chordal,val_epoch_task,val,cycle3,2,,,,,,,,,,4000,1938.0,19.0,1994.0,49.0,0.9902912621359223,0.9753397081026673,0.9827585816383362,0.9827585816383362,0.9827585816383362,1987.0,0.49674999713897705
fedavg,fedavg,434|504,434|504,2,434,data_4000_5_2.0_chordal,val_epoch_task,val,cycle4,2,,,,,,,,,,4000,1713.0,82.0,2155.0,50.0,0.9543175487465181,0.9716392512762337,0.9629005193710327,0.9629005193710327,0.9629005193710327,1763.0,0.44075000286102295
fedavg,fedavg,434|504,434|504,2,434,data_4000_5_2.0_chordal,val_epoch_task,val,cycle5,2,,,,,,,,,,4000,1310.0,201.0,2274.0,215.0,0.8669755129053607,0.8590163934426229,0.8629775643348694,0.8629775643348694,0.8629775643348694,1525.0,0.3812499940395355
fedavg,fedavg,434|504,434|504,2,434,data_4000_5_2.0_chordal,val_epoch_task,val,cycle6,2,,,,,,,,,,4000,960.0,546.0,2315.0,179.0,0.6374501992031872,0.8428446005267779,0.7258979678153992,0.7258979678153992,0.7258979678153992,1139.0,0.2847500145435333
fedavg,fedavg,434|504,434|504,2,504,data_2000_3_11_chordal,train_epoch,train,,2,1.0,0.4232528409957886,,,,,,,,2000,,,,,,,,,,,
fedavg,fedavg,434|504,434|504,2,504,data_2000_3_11_chordal,train_epoch,train,,2,2.0,0.3296181161403656,,,,,,,,2000,,,,,,,,,,,
fedavg,fedavg,434|504,434|504,2,504,data_2000_3_11_chordal,train_epoch,train,,2,3.0,0.27277829682827,,,,,,,,2000,,,,,,,,,,,
fedavg,fedavg,434|504,434|504,2,504,data_2000_3_11_chordal,train_epoch,train,,2,4.0,0.27169294023513796,,,,,,,,2000,,,,,,,,,,,
fedavg,fedavg,434|504,434|504,2,504,data_2000_3_11_chordal,train_epoch,train,,2,5.0,0.2545964729785919,,,,,,,,2000,,,,,,,,,,,
fedavg,fedavg,434|504,434|504,2,504,data_2000_3_11_chordal,val_epoch,val,,2,,,0.3859299785494804,0.9362,0.7935000061988831,0.6790744466800805,0.7096739411354065,0.7096739411354065,0.7096739411354065,2000,,,,,,,,,,,
fedavg,fedavg,434|504,434|504,2,504,data_2000_3_11_chordal,val_epoch_task,val,cycle2,2,,,,,,,,,,2000,82.0,48.0,1870.0,0.0,0.6307692307692307,1.0,0.7735849022865295,0.7735849022865295,0.7735849022865295,82.0,0.04100000113248825
fedavg,fedavg,434|504,434|504,2,504,data_2000_3_11_chordal,val_epoch_task,val,cycle3,2,,,,,,,,,,2000,119.0,39.0,1833.0,9.0,0.7531645569620253,0.9296875,0.8321678042411804,0.8321678042411804,0.8321678042411804,128.0,0.06400000303983688
fedavg,fedavg,434|504,434|504,2,504,data_2000_3_11_chordal,val_epoch_task,val,cycle4,2,,,,,,,,,,2000,156.0,111.0,1732.0,1.0,0.5842696629213483,0.9936305732484076,0.7358490228652954,0.7358490228652954,0.7358490228652954,157.0,0.07850000262260437
fedavg,fedavg,434|504,434|504,2,504,data_2000_3_11_chordal,val_epoch_task,val,cycle5,2,,,,,,,,,,2000,166.0,134.0,1679.0,21.0,0.5533333333333333,0.8877005347593583,0.6817248463630676,0.6817248463630676,0.6817248463630676,187.0,0.09350000321865082
fedavg,fedavg,434|504,434|504,2,504,data_2000_3_11_chordal,val_epoch_task,val,cycle6,2,,,,,,,,,,2000,152.0,244.0,1573.0,31.0,0.3838383838383838,0.8306010928961749,0.5250431299209595,0.5250431299209595,0.5250431299209595,183.0,0.09149999916553497
fedavg,fedavg,434|504,434|504,2,434,data_4000_5_2.0_chordal,global_val_client,val,,2,,,0.22653472590446472,0.91525,0.6834999918937683,0.9060473366221385,0.8951026201248169,0.8951026201248169,0.8951026201248169,4000,,,,,,,,,,,
fedavg,fedavg,434|504,434|504,2,434,data_4000_5_2.0_chordal,global_val_client_task,val,cycle2,2,,,,,,,,,,4000,1985.0,58.0,1956.0,1.0,0.9716103768967205,0.999496475327291,0.9853562116622925,0.9853562116622925,0.9853562116622925,1986.0,0.4964999854564667
fedavg,fedavg,434|504,434|504,2,434,data_4000_5_2.0_chordal,global_val_client_task,val,cycle3,2,,,,,,,,,,4000,1964.0,35.0,1978.0,23.0,0.9824912456228114,0.98842476094615,0.9854490756988525,0.9854490756988525,0.9854490756988525,1987.0,0.49674999713897705
fedavg,fedavg,434|504,434|504,2,434,data_4000_5_2.0_chordal,global_val_client_task,val,cycle4,2,,,,,,,,,,4000,1740.0,161.0,2076.0,23.0,0.9153077327722251,0.9869540555870675,0.9497817158699036,0.9497817158699036,0.9497817158699036,1763.0,0.44075000286102295
fedavg,fedavg,434|504,434|504,2,434,data_4000_5_2.0_chordal,global_val_client_task,val,cycle5,2,,,,,,,,,,4000,1414.0,397.0,2078.0,111.0,0.7807840971838763,0.9272131147540984,0.8477218151092529,0.8477218151092529,0.8477218151092529,1525.0,0.3812499940395355
fedavg,fedavg,434|504,434|504,2,434,data_4000_5_2.0_chordal,global_val_client_task,val,cycle6,2,,,,,,,,,,4000,1070.0,817.0,2044.0,69.0,0.5670376258611552,0.9394205443371378,0.7072042226791382,0.7072042226791382,0.7072042226791382,1139.0,0.2847500145435333
fedavg,fedavg,434|504,434|504,2,504,data_2000_3_11_chordal,global_val_client,val,,2,,,0.4844601879119873,0.9532,0.8320000171661377,0.7328767123287672,0.7629587054252625,0.7629587054252625,0.7629587054252625,2000,,,,,,,,,,,
fedavg,fedavg,434|504,434|504,2,504,data_2000_3_11_chordal,global_val_client_task,val,cycle2,2,,,,,,,,,,2000,81.0,30.0,1888.0,1.0,0.7297297297297297,0.9878048780487805,0.8393782377243042,0.8393782377243042,0.8393782377243042,82.0,0.04100000113248825
fedavg,fedavg,434|504,434|504,2,504,data_2000_3_11_chordal,global_val_client_task,val,cycle3,2,,,,,,,,,,2000,122.0,23.0,1849.0,6.0,0.8413793103448276,0.953125,0.8937728404998779,0.8937728404998779,0.8937728404998779,128.0,0.06400000303983688
fedavg,fedavg,434|504,434|504,2,504,data_2000_3_11_chordal,global_val_client_task,val,cycle4,2,,,,,,,,,,2000,152.0,64.0,1779.0,5.0,0.7037037037037037,0.9681528662420382,0.8150134086608887,0.8150134086608887,0.8150134086608887,157.0,0.07850000262260437
fedavg,fedavg,434|504,434|504,2,504,data_2000_3_11_chordal,global_val_client_task,val,cycle5,2,,,,,,,,,,2000,162.0,88.0,1725.0,25.0,0.648,0.8663101604278075,0.7414187788963318,0.7414187788963318,0.7414187788963318,187.0,0.09350000321865082
fedavg,fedavg,434|504,434|504,2,504,data_2000_3_11_chordal,global_val_client_task,val,cycle6,2,,,,,,,,,,2000,125.0,168.0,1649.0,58.0,0.42662116040955633,0.6830601092896175,0.5252101421356201,0.5252101421356201,0.5252101421356201,183.0,0.09149999916553497
fedavg,fedavg,434|504,434|504,2,all,all,global_val_mean,val,,2,,,0.31250987990697227,0.9279,0.7330000003178915,0.8483237951910148,0.8510546485582987,0.8510546485582987,0.8510546485582987,6000,,,,,,,,,,,
fedavg,fedavg,434|504,434|504,2,434,data_4000_5_2.0_chordal,train_epoch,train,,3,1.0,0.20439531683921813,,,,,,,,4000,,,,,,,,,,,
fedavg,fedavg,434|504,434|504,2,434,data_4000_5_2.0_chordal,train_epoch,train,,3,2.0,0.2001906613111496,,,,,,,,4000,,,,,,,,,,,
fedavg,fedavg,434|504,434|504,2,434,data_4000_5_2.0_chordal,train_epoch,train,,3,3.0,0.19149938333034516,,,,,,,,4000,,,,,,,,,,,
fedavg,fedavg,434|504,434|504,2,434,data_4000_5_2.0_chordal,train_epoch,train,,3,4.0,0.19442610001564026,,,,,,,,4000,,,,,,,,,,,
fedavg,fedavg,434|504,434|504,2,434,data_4000_5_2.0_chordal,train_epoch,train,,3,5.0,0.18684683692455292,,,,,,,,4000,,,,,,,,,,,
fedavg,fedavg,434|504,434|504,2,434,data_4000_5_2.0_chordal,val_epoch,val,,3,,,0.1940226947069168,0.92265,0.7002500295639038,0.914269880853422,0.9044296145439148,0.9044296145439148,0.9044296145439148,4000,,,,,,,,,,,
fedavg,fedavg,434|504,434|504,2,434,data_4000_5_2.0_chordal,val_epoch_task,val,cycle2,3,,,,,,,,,,4000,1984.0,18.0,1996.0,2.0,0.991008991008991,0.998992950654582,0.9949849843978882,0.9949849843978882,0.9949849843978882,1986.0,0.4964999854564667
fedavg,fedavg,434|504,434|504,2,434,data_4000_5_2.0_chordal,val_epoch_task,val,cycle3,3,,,,,,,,,,4000,1982.0,33.0,1980.0,5.0,0.9836228287841191,0.9974836436839456,0.9905047416687012,0.9905047416687012,0.9905047416687012,1987.0,0.49674999713897705
fedavg,fedavg,434|504,434|504,2,434,data_4000_5_2.0_chordal,val_epoch_task,val,cycle4,3,,,,,,,,,,4000,1724.0,71.0,2166.0,39.0,0.9604456824512535,0.9778786159954623,0.9690837860107422,0.9690837860107422,0.9690837860107422,1763.0,0.44075000286102295
fedavg,fedavg,434|504,434|504,2,434,data_4000_5_2.0_chordal,val_epoch_task,val,cycle5,3,,,,,,,,,,4000,1482.0,384.0,2091.0,43.0,0.7942122186495176,0.9718032786885246,0.8740784525871277,0.8740784525871277,0.8740784525871277,1525.0,0.3812499940395355
fedavg,fedavg,434|504,434|504,2,434,data_4000_5_2.0_chordal,val_epoch_task,val,cycle6,3,,,,,,,,,,4000,1077.0,890.0,1971.0,62.0,0.5475343162175902,0.9455662862159789,0.6934964656829834,0.6934964656829834,0.6934964656829834,1139.0,0.2847500145435333
fedavg,fedavg,434|504,434|504,2,504,data_2000_3_11_chordal,train_epoch,train,,3,1.0,0.3103918693065643,,,,,,,,2000,,,,,,,,,,,
fedavg,fedavg,434|504,434|504,2,504,data_2000_3_11_chordal,train_epoch,train,,3,2.0,0.22967961412668228,,,,,,,,2000,,,,,,,,,,,
fedavg,fedavg,434|504,434|504,2,504,data_2000_3_11_chordal,train_epoch,train,,3,3.0,0.2326564149260521,,,,,,,,2000,,,,,,,,,,,
fedavg,fedavg,434|504,434|504,2,504,data_2000_3_11_chordal,train_epoch,train,,3,4.0,0.23447189688682557,,,,,,,,2000,,,,,,,,,,,
fedavg,fedavg,434|504,434|504,2,504,data_2000_3_11_chordal,train_epoch,train,,3,5.0,0.27518828690052033,,,,,,,,2000,,,,,,,,,,,
fedavg,fedavg,434|504,434|504,2,504,data_2000_3_11_chordal,val_epoch,val,,3,,,0.5457192742824555,0.9474,0.815500020980835,0.7044943820224718,0.7724658250808716,0.7724658250808716,0.7724658250808716,2000,,,,,,,,,,,
fedavg,fedavg,434|504,434|504,2,504,data_2000_3_11_chordal,val_epoch_task,val,cycle2,3,,,,,,,,,,2000,81.0,4.0,1914.0,1.0,0.9529411764705882,0.9878048780487805,0.970059871673584,0.970059871673584,0.970059871673584,82.0,0.04100000113248825
fedavg,fedavg,434|504,434|504,2,504,data_2000_3_11_chordal,val_epoch_task,val,cycle3,3,,,,,,,,,,2000,127.0,12.0,1860.0,1.0,0.9136690647482014,0.9921875,0.9513108730316162,0.9513108730316162,0.9513108730316162,128.0,0.06400000303983688
fedavg,fedavg,434|504,434|504,2,504,data_2000_3_11_chordal,val_epoch_task,val,cycle4,3,,,,,,,,,,2000,148.0,49.0,1794.0,9.0,0.751269035532995,0.9426751592356688,0.8361581563949585,0.8361581563949585,0.8361581563949585,157.0,0.07850000262260437
fedavg,fedavg,434|504,434|504,2,504,data_2000_3_11_chordal,val_epoch_task,val,cycle5,3,,,,,,,,,,2000,116.0,95.0,1718.0,71.0,0.5497630331753555,0.6203208556149733,0.5829145312309265,0.5829145312309265,0.5829145312309265,187.0,0.09350000321865082
fedavg,fedavg,434|504,434|504,2,504,data_2000_3_11_chordal,val_epoch_task,val,cycle6,3,,,,,,,,,,2000,155.0,256.0,1561.0,28.0,0.3771289537712895,0.8469945355191257,0.5218855142593384,0.5218855142593384,0.5218855142593384,183.0,0.09149999916553497
fedavg,fedavg,434|504,434|504,2,434,data_4000_5_2.0_chordal,global_val_client,val,,3,,,0.2238340859413147,0.9051,0.6587499976158142,0.8979240615252232,0.8907278776168823,0.8907278776168823,0.8907278776168823,4000,,,,,,,,,,,
fedavg,fedavg,434|504,434|504,2,434,data_4000_5_2.0_chordal,global_val_client_task,val,cycle2,3,,,,,,,,,,4000,1985.0,19.0,1995.0,1.0,0.9905189620758483,0.999496475327291,0.994987428188324,0.994987428188324,0.994987428188324,1986.0,0.4964999854564667
fedavg,fedavg,434|504,434|504,2,434,data_4000_5_2.0_chordal,global_val_client_task,val,cycle3,3,,,,,,,,,,4000,1982.0,32.0,1981.0,5.0,0.9841112214498511,0.9974836436839456,0.9907523393630981,0.9907523393630981,0.9907523393630981,1987.0,0.49674999713897705
fedavg,fedavg,434|504,434|504,2,434,data_4000_5_2.0_chordal,global_val_client_task,val,cycle4,3,,,,,,,,,,4000,1751.0,99.0,2138.0,12.0,0.9464864864864865,0.9931934203062961,0.9692776203155518,0.9692776203155518,0.9692776203155518,1763.0,0.44075000286102295
fedavg,fedavg,434|504,434|504,2,434,data_4000_5_2.0_chordal,global_val_client_task,val,cycle5,3,,,,,,,,,,4000,1508.0,600.0,1875.0,17.0,0.715370018975332,0.9888524590163934,0.8301678895950317,0.8301678895950317,0.8301678895950317,1525.0,0.3812499940395355
fedavg,fedavg,434|504,434|504,2,434,data_4000_5_2.0_chordal,global_val_client_task,val,cycle6,3,,,,,,,,,,4000,1122.0,1096.0,1765.0,17.0,0.5058611361587015,0.9850746268656716,0.6684539914131165,0.6684539914131165,0.6684539914131165,1139.0,0.2847500145435333
fedavg,fedavg,434|504,434|504,2,504,data_2000_3_11_chordal,global_val_client,val,,3,,,0.26898266047239305,0.9524,0.8174999952316284,0.7470775770456961,0.8033296465873718,0.8033296465873718,0.8033296465873718,2000,,,,,,,,,,,
fedavg,fedavg,434|504,434|504,2,504,data_2000_3_11_chordal,global_val_client_task,val,cycle2,3,,,,,,,,,,2000,82.0,7.0,1911.0,0.0,0.9213483146067416,1.0,0.9590643644332886,0.9590643644332886,0.9590643644332886,82.0,0.04100000113248825
fedavg,fedavg,434|504,434|504,2,504,data_2000_3_11_chordal,global_val_client_task,val,cycle3,3,,,,,,,,,,2000,126.0,19.0,1853.0,2.0,0.8689655172413793,0.984375,0.9230769276618958,0.9230769276618958,0.9230769276618958,128.0,0.06400000303983688
fedavg,fedavg,434|504,434|504,2,504,data_2000_3_11_chordal,global_val_client_task,val,cycle4,3,,,,,,,,,,2000,152.0,50.0,1793.0,5.0,0.7524752475247525,0.9681528662420382,0.8467966914176941,0.8467966914176941,0.8467966914176941,157.0,0.07850000262260437
fedavg,fedavg,434|504,434|504,2,504,data_2000_3_11_chordal,global_val_client_task,val,cycle5,3,,,,,,,,,,2000,177.0,123.0,1690.0,10.0,0.59,0.946524064171123,0.7268993854522705,0.7268993854522705,0.7268993854522705,187.0,0.09350000321865082
fedavg,fedavg,434|504,434|504,2,504,data_2000_3_11_chordal,global_val_client_task,val,cycle6,3,,,,,,,,,,2000,166.0,243.0,1574.0,17.0,0.4058679706601467,0.907103825136612,0.5608108043670654,0.5608108043670654,0.5608108043670654,183.0,0.09149999916553497
fedavg,fedavg,434|504,434|504,2,all,all,global_val_mean,val,,3,,,0.23888361078500747,0.9208666666666666,0.7116666634877523,0.8476419000320475,0.8615951339403788,0.8615951339403788,0.8615951339403788,6000,,,,,,,,,,,
fedavg,fedavg,434|504,434|504,2,434,data_4000_5_2.0_chordal,train_epoch,train,,4,1.0,0.1948954223394394,,,,,,,,4000,,,,,,,,,,,
fedavg,fedavg,434|504,434|504,2,434,data_4000_5_2.0_chordal,train_epoch,train,,4,2.0,0.18111801195144653,,,,,,,,4000,,,,,,,,,,,
fedavg,fedavg,434|504,434|504,2,434,data_4000_5_2.0_chordal,train_epoch,train,,4,3.0,0.18390892714262008,,,,,,,,4000,,,,,,,,,,,
fedavg,fedavg,434|504,434|504,2,434,data_4000_5_2.0_chordal,train_epoch,train,,4,4.0,0.16815792810916902,,,,,,,,4000,,,,,,,,,,,
fedavg,fedavg,434|504,434|504,2,434,data_4000_5_2.0_chordal,train_epoch,train,,4,5.0,0.17686472511291504,,,,,,,,4000,,,,,,,,,,,
fedavg,fedavg,434|504,434|504,2,434,data_4000_5_2.0_chordal,val_epoch,val,,4,,,0.1781151353120804,0.9369,0.7384999990463257,0.9276790830945559,0.9154914021492004,0.9154914021492004,0.9154914021492004,4000,,,,,,,,,,,
fedavg,fedavg,434|504,434|504,2,434,data_4000_5_2.0_chordal,val_epoch_task,val,cycle2,4,,,,,,,,,,4000,1985.0,22.0,1992.0,1.0,0.98903836571998,0.999496475327291,0.9942399263381958,0.9942399263381958,0.9942399263381958,1986.0,0.4964999854564667
fedavg,fedavg,434|504,434|504,2,434,data_4000_5_2.0_chordal,val_epoch_task,val,cycle3,4,,,,,,,,,,4000,1980.0,24.0,1989.0,7.0,0.9880239520958084,0.9964771011575239,0.9922325015068054,0.9922325015068054,0.9922325015068054,1987.0,0.49674999713897705
fedavg,fedavg,434|504,434|504,2,434,data_4000_5_2.0_chordal,val_epoch_task,val,cycle4,4,,,,,,,,,,4000,1699.0,51.0,2186.0,64.0,0.9708571428571429,0.9636982416335791,0.9672644734382629,0.9672644734382629,0.9672644734382629,1763.0,0.44075000286102295
fedavg,fedavg,434|504,434|504,2,434,data_4000_5_2.0_chordal,val_epoch_task,val,cycle5,4,,,,,,,,,,4000,1400.0,230.0,2245.0,125.0,0.8588957055214724,0.9180327868852459,0.8874801993370056,0.8874801993370056,0.8874801993370056,1525.0,0.3812499940395355
fedavg,fedavg,434|504,434|504,2,434,data_4000_5_2.0_chordal,val_epoch_task,val,cycle6,4,,,,,,,,,,4000,1030.0,629.0,2232.0,109.0,0.6208559373116335,0.9043020193151887,0.7362401485443115,0.7362401485443115,0.7362401485443115,1139.0,0.2847500145435333
fedavg,fedavg,434|504,434|504,2,504,data_2000_3_11_chordal,train_epoch,train,,4,1.0,0.2395364500284195,,,,,,,,2000,,,,,,,,,,,
fedavg,fedavg,434|504,434|504,2,504,data_2000_3_11_chordal,train_epoch,train,,4,2.0,0.2564350173473358,,,,,,,,2000,,,,,,,,,,,
fedavg,fedavg,434|504,434|504,2,504,data_2000_3_11_chordal,train_epoch,train,,4,3.0,0.23356895160675048,,,,,,,,2000,,,,,,,,,,,
fedavg,fedavg,434|504,434|504,2,504,data_2000_3_11_chordal,train_epoch,train,,4,4.0,0.20590873873233795,,,,,,,,2000,,,,,,,,,,,
fedavg,fedavg,434|504,434|504,2,504,data_2000_3_11_chordal,train_epoch,train,,4,5.0,0.1999523972570896,,,,,,,,2000,,,,,,,,,,,
fedavg,fedavg,434|504,434|504,2,504,data_2000_3_11_chordal,val_epoch,val,,4,,,0.4338458786010742,0.9449,0.8044999837875366,0.7107611548556431,0.7729563117027283,0.7729563117027283,0.7729563117027283,2000,,,,,,,,,,,
fedavg,fedavg,434|504,434|504,2,504,data_2000_3_11_chordal,val_epoch_task,val,cycle2,4,,,,,,,,,,2000,80.0,11.0,1907.0,2.0,0.8791208791208791,0.975609756097561,0.9248555302619934,0.9248555302619934,0.9248555302619934,82.0,0.04100000113248825
fedavg,fedavg,434|504,434|504,2,504,data_2000_3_11_chordal,val_epoch_task,val,cycle3,4,,,,,,,,,,2000,127.0,39.0,1833.0,1.0,0.7650602409638554,0.9921875,0.8639456033706665,0.8639456033706665,0.8639456033706665,128.0,0.06400000303983688
fedavg,fedavg,434|504,434|504,2,504,data_2000_3_11_chordal,val_epoch_task,val,cycle4,4,,,,,,,,,,2000,141.0,16.0,1827.0,16.0,0.8980891719745223,0.8980891719745223,0.8980891704559326,0.8980891704559326,0.8980891704559326,157.0,0.07850000262260437
fedavg,fedavg,434|504,434|504,2,504,data_2000_3_11_chordal,val_epoch_task,val,cycle5,4,,,,,,,,,,2000,162.0,165.0,1648.0,25.0,0.4954128440366973,0.8663101604278075,0.6303501725196838,0.6303501725196838,0.6303501725196838,187.0,0.09350000321865082
fedavg,fedavg,434|504,434|504,2,504,data_2000_3_11_chordal,val_epoch_task,val,cycle6,4,,,,,,,,,,2000,167.0,260.0,1557.0,16.0,0.3911007025761124,0.912568306010929,0.5475410223007202,0.5475410223007202,0.5475410223007202,183.0,0.09149999916553497
fedavg,fedavg,434|504,434|504,2,434,data_4000_5_2.0_chordal,global_val_client,val,,4,,,0.18225594997406006,0.9243,0.7059999704360962,0.916353591160221,0.9068707227706909,0.9068707227706909,0.9068707227706909,4000,,,,,,,,,,,
fedavg,fedavg,434|504,434|504,2,434,data_4000_5_2.0_chordal,global_val_client_task,val,cycle2,4,,,,,,,,,,4000,1986.0,18.0,1996.0,0.0,0.9910179640718563,1.0,0.995488703250885,0.995488703250885,0.995488703250885,1986.0,0.4964999854564667
fedavg,fedavg,434|504,434|504,2,434,data_4000_5_2.0_chordal,global_val_client_task,val,cycle3,4,,,,,,,,,,4000,1987.0,25.0,1988.0,0.0,0.9875745526838966,1.0,0.9937484264373779,0.9937484264373779,0.9937484264373779,1987.0,0.49674999713897705
fedavg,fedavg,434|504,434|504,2,434,data_4000_5_2.0_chordal,global_val_client_task,val,cycle4,4,,,,,,,,,,4000,1741.0,79.0,2158.0,22.0,0.9565934065934066,0.9875212705615428,0.9718113541603088,0.9718113541603088,0.9718113541603088,1763.0,0.44075000286102295
fedavg,fedavg,434|504,434|504,2,434,data_4000_5_2.0_chordal,global_val_client_task,val,cycle5,4,,,,,,,,,,4000,1480.0,394.0,2081.0,45.0,0.7897545357524013,0.9704918032786886,0.8708443641662598,0.8708443641662598,0.8708443641662598,1525.0,0.3812499940395355
fedavg,fedavg,434|504,434|504,2,434,data_4000_5_2.0_chordal,global_val_client_task,val,cycle6,4,,,,,,,,,,4000,1099.0,891.0,1970.0,40.0,0.5522613065326634,0.9648814749780509,0.7024608850479126,0.7024608850479126,0.7024608850479126,1139.0,0.2847500145435333
fedavg,fedavg,434|504,434|504,2,504,data_2000_3_11_chordal,global_val_client,val,,4,,,0.2976161281466484,0.9607,0.8479999899864197,0.7793374508702976,0.818828284740448,0.818828284740448,0.818828284740448,2000,,,,,,,,,,,
fedavg,fedavg,434|504,434|504,2,504,data_2000_3_11_chordal,global_val_client_task,val,cycle2,4,,,,,,,,,,2000,82.0,14.0,1904.0,0.0,0.8541666666666666,1.0,0.9213482737541199,0.9213482737541199,0.9213482737541199,82.0,0.04100000113248825
fedavg,fedavg,434|504,434|504,2,504,data_2000_3_11_chordal,global_val_client_task,val,cycle3,4,,,,,,,,,,2000,127.0,20.0,1852.0,1.0,0.8639455782312925,0.9921875,0.9236363768577576,0.9236363768577576,0.9236363768577576,128.0,0.06400000303983688
fedavg,fedavg,434|504,434|504,2,504,data_2000_3_11_chordal,global_val_client_task,val,cycle4,4,,,,,,,,,,2000,148.0,26.0,1817.0,9.0,0.8505747126436781,0.9426751592356688,0.8942598700523376,0.8942598700523376,0.8942598700523376,157.0,0.07850000262260437
fedavg,fedavg,434|504,434|504,2,504,data_2000_3_11_chordal,global_val_client_task,val,cycle5,4,,,,,,,,,,2000,177.0,121.0,1692.0,10.0,0.5939597315436241,0.946524064171123,0.7298969030380249,0.7298969030380249,0.7298969030380249,187.0,0.09350000321865082
fedavg,fedavg,434|504,434|504,2,504,data_2000_3_11_chordal,global_val_client_task,val,cycle6,4,,,,,,,,,,2000,160.0,169.0,1648.0,23.0,0.48632218844984804,0.8743169398907104,0.625,0.625,0.625,183.0,0.09149999916553497
fedavg,fedavg,434|504,434|504,2,all,all,global_val_mean,val,,4,,,0.22070934269825618,0.9364333333333333,0.753333310286204,0.8706815443969133,0.8775232434272766,0.8775232434272766,0.8775232434272766,6000,,,,,,,,,,,
fedavg,fedavg,434|504,434|504,2,434,data_4000_5_2.0_chordal,train_epoch,train,,5,1.0,0.18545399910211563,,,,,,,,4000,,,,,,,,,,,
fedavg,fedavg,434|504,434|504,2,434,data_4000_5_2.0_chordal,train_epoch,train,,5,2.0,0.17702118241786957,,,,,,,,4000,,,,,,,,,,,
fedavg,fedavg,434|504,434|504,2,434,data_4000_5_2.0_chordal,train_epoch,train,,5,3.0,0.17224592465162278,,,,,,,,4000,,,,,,,,,,,
fedavg,fedavg,434|504,434|504,2,434,data_4000_5_2.0_chordal,train_epoch,train,,5,4.0,0.15884726572036742,,,,,,,,4000,,,,,,,,,,,
fedavg,fedavg,434|504,434|504,2,434,data_4000_5_2.0_chordal,train_epoch,train,,5,5.0,0.15093616425991058,,,,,,,,4000,,,,,,,,,,,
fedavg,fedavg,434|504,434|504,2,434,data_4000_5_2.0_chordal,val_epoch,val,,5,,,0.18452832436561584,0.9324,0.7412499785423279,0.9210372620021026,0.9092088937759399,0.9092088937759399,0.9092088937759399,4000,,,,,,,,,,,
fedavg,fedavg,434|504,434|504,2,434,data_4000_5_2.0_chordal,val_epoch_task,val,cycle2,5,,,,,,,,,,4000,1978.0,10.0,2004.0,8.0,0.9949698189134809,0.9959718026183283,0.9954705834388733,0.9954705834388733,0.9954705834388733,1986.0,0.4964999854564667
fedavg,fedavg,434|504,434|504,2,434,data_4000_5_2.0_chordal,val_epoch_task,val,cycle3,5,,,,,,,,,,4000,1920.0,8.0,2005.0,67.0,0.995850622406639,0.9662808253648717,0.9808428287506104,0.9808428287506104,0.9808428287506104,1987.0,0.49674999713897705
fedavg,fedavg,434|504,434|504,2,434,data_4000_5_2.0_chordal,val_epoch_task,val,cycle4,5,,,,,,,,,,4000,1554.0,21.0,2216.0,209.0,0.9866666666666667,0.8814520703346569,0.9310964941978455,0.9310964941978455,0.9310964941978455,1763.0,0.44075000286102295
fedavg,fedavg,434|504,434|504,2,434,data_4000_5_2.0_chordal,val_epoch_task,val,cycle5,5,,,,,,,,,,4000,1441.0,356.0,2119.0,84.0,0.80189204229271,0.9449180327868852,0.8675496578216553,0.8675496578216553,0.8675496578216553,1525.0,0.3812499940395355
fedavg,fedavg,434|504,434|504,2,434,data_4000_5_2.0_chordal,val_epoch_task,val,cycle6,5,,,,,,,,,,4000,992.0,442.0,2419.0,147.0,0.691771269177127,0.8709394205443372,0.7710843682289124,0.7710843682289124,0.7710843682289124,1139.0,0.2847500145435333
fedavg,fedavg,434|504,434|504,2,504,data_2000_3_11_chordal,train_epoch,train,,5,1.0,0.2391268176138401,,,,,,,,2000,,,,,,,,,,,
fedavg,fedavg,434|504,434|504,2,504,data_2000_3_11_chordal,train_epoch,train,,5,2.0,0.20463450023531915,,,,,,,,2000,,,,,,,,,,,
fedavg,fedavg,434|504,434|504,2,504,data_2000_3_11_chordal,train_epoch,train,,5,3.0,0.2007488735318184,,,,,,,,2000,,,,,,,,,,,
fedavg,fedavg,434|504,434|504,2,504,data_2000_3_11_chordal,train_epoch,train,,5,4.0,0.17048730140924453,,,,,,,,2000,,,,,,,,,,,
fedavg,fedavg,434|504,434|504,2,504,data_2000_3_11_chordal,train_epoch,train,,5,5.0,0.1988031940460205,,,,,,,,2000,,,,,,,,,,,
fedavg,fedavg,434|504,434|504,2,504,data_2000_3_11_chordal,val_epoch,val,,5,,,0.23593286830186844,0.9474,0.8205000162124634,0.732994923857868,0.7739828824996948,0.7739828824996948,0.7739828824996948,2000,,,,,,,,,,,
fedavg,fedavg,434|504,434|504,2,504,data_2000_3_11_chordal,val_epoch_task,val,cycle2,5,,,,,,,,,,2000,82.0,24.0,1894.0,0.0,0.7735849056603774,1.0,0.8723404407501221,0.8723404407501221,0.8723404407501221,82.0,0.04100000113248825
fedavg,fedavg,434|504,434|504,2,504,data_2000_3_11_chordal,val_epoch_task,val,cycle3,5,,,,,,,,,,2000,127.0,20.0,1852.0,1.0,0.8639455782312925,0.9921875,0.9236363768577576,0.9236363768577576,0.9236363768577576,128.0,0.06400000303983688
fedavg,fedavg,434|504,434|504,2,504,data_2000_3_11_chordal,val_epoch_task,val,cycle4,5,,,,,,,,,,2000,156.0,103.0,1740.0,1.0,0.6023166023166023,0.9936305732484076,0.75,0.75,0.75,157.0,0.07850000262260437
fedavg,fedavg,434|504,434|504,2,504,data_2000_3_11_chordal,val_epoch_task,val,cycle5,5,,,,,,,,,,2000,181.0,123.0,1690.0,6.0,0.5953947368421053,0.9679144385026738,0.7372708320617676,0.7372708320617676,0.7372708320617676,187.0,0.09350000321865082
fedavg,fedavg,434|504,434|504,2,504,data_2000_3_11_chordal,val_epoch_task,val,cycle6,5,,,,,,,,,,2000,176.0,241.0,1576.0,7.0,0.42206235011990406,0.9617486338797814,0.5866666436195374,0.5866666436195374,0.5866666436195374,183.0,0.09149999916553497
fedavg,fedavg,434|504,434|504,2,434,data_4000_5_2.0_chordal,global_val_client,val,,5,,,0.1936048309803009,0.9112,0.6729999780654907,0.9037815581319752,0.8948147892951965,0.8948147892951965,0.8948147892951965,4000,,,,,,,,,,,
fedavg,fedavg,434|504,434|504,2,434,data_4000_5_2.0_chordal,global_val_client_task,val,cycle2,5,,,,,,,,,,4000,1986.0,25.0,1989.0,0.0,0.9875683739433118,1.0,0.9937453269958496,0.9937453269958496,0.9937453269958496,1986.0,0.4964999854564667
fedavg,fedavg,434|504,434|504,2,434,data_4000_5_2.0_chordal,global_val_client_task,val,cycle3,5,,,,,,,,,,4000,1984.0,27.0,1986.0,3.0,0.9865738438587768,0.9984901862103673,0.9924962520599365,0.9924962520599365,0.9924962520599365,1987.0,0.49674999713897705
fedavg,fedavg,434|504,434|504,2,434,data_4000_5_2.0_chordal,global_val_client_task,val,cycle4,5,,,,,,,,,,4000,1753.0,209.0,2028.0,10.0,0.8934760448521917,0.9943278502552467,0.9412080645561218,0.9412080645561218,0.9412080645561218,1763.0,0.44075000286102295
fedavg,fedavg,434|504,434|504,2,434,data_4000_5_2.0_chordal,global_val_client_task,val,cycle5,5,,,,,,,,,,4000,1500.0,516.0,1959.0,25.0,0.7440476190476191,0.9836065573770492,0.8472183346748352,0.8472183346748352,0.8472183346748352,1525.0,0.3812499940395355
fedavg,fedavg,434|504,434|504,2,434,data_4000_5_2.0_chordal,global_val_client_task,val,cycle6,5,,,,,,,,,,4000,1118.0,940.0,1921.0,21.0,0.543245869776482,0.9815627743634767,0.6994056701660156,0.6994056701660156,0.6994056701660156,1139.0,0.2847500145435333
fedavg,fedavg,434|504,434|504,2,504,data_2000_3_11_chordal,global_val_client,val,,5,,,0.22603612986207008,0.9699,0.8784999847412109,0.8253047011027279,0.848613440990448,0.848613440990448,0.848613440990448,2000,,,,,,,,,,,
fedavg,fedavg,434|504,434|504,2,504,data_2000_3_11_chordal,global_val_client_task,val,cycle2,5,,,,,,,,,,2000,82.0,16.0,1902.0,0.0,0.8367346938775511,1.0,0.9111111164093018,0.9111111164093018,0.9111111164093018,82.0,0.04100000113248825
fedavg,fedavg,434|504,434|504,2,504,data_2000_3_11_chordal,global_val_client_task,val,cycle3,5,,,,,,,,,,2000,127.0,16.0,1856.0,1.0,0.8881118881118881,0.9921875,0.937269389629364,0.937269389629364,0.937269389629364,128.0,0.06400000303983688
fedavg,fedavg,434|504,434|504,2,504,data_2000_3_11_chordal,global_val_client_task,val,cycle4,5,,,,,,,,,,2000,152.0,34.0,1809.0,5.0,0.8172043010752689,0.9681528662420382,0.886297345161438,0.886297345161438,0.886297345161438,157.0,0.07850000262260437
fedavg,fedavg,434|504,434|504,2,504,data_2000_3_11_chordal,global_val_client_task,val,cycle5,5,,,,,,,,,,2000,174.0,88.0,1725.0,13.0,0.6641221374045801,0.93048128342246,0.7750557065010071,0.7750557065010071,0.7750557065010071,187.0,0.09350000321865082
fedavg,fedavg,434|504,434|504,2,504,data_2000_3_11_chordal,global_val_client_task,val,cycle6,5,,,,,,,,,,2000,176.0,121.0,1696.0,7.0,0.5925925925925926,0.9617486338797814,0.7333332896232605,0.7333332896232605,0.7333332896232605,183.0,0.09149999916553497
fedavg,fedavg,434|504,434|504,2,all,all,global_val_mean,val,,5,,,0.20441526394089063,0.9307666666666667,0.7414999802907308,0.8776226057888928,0.8794143398602804,0.8794143398602804,0.8794143398602804,6000,,,,,,,,,,,
fedavg,fedavg,434|504,434|504,2,434,data_4000_5_2.0_chordal,train_epoch,train,,6,1.0,0.16021109807491302,,,,,,,,4000,,,,,,,,,,,
fedavg,fedavg,434|504,434|504,2,434,data_4000_5_2.0_chordal,train_epoch,train,,6,2.0,0.15441231423616408,,,,,,,,4000,,,,,,,,,,,
fedavg,fedavg,434|504,434|504,2,434,data_4000_5_2.0_chordal,train_epoch,train,,6,3.0,0.15430139595270156,,,,,,,,4000,,,,,,,,,,,
fedavg,fedavg,434|504,434|504,2,434,data_4000_5_2.0_chordal,train_epoch,train,,6,4.0,0.1486766045689583,,,,,,,,4000,,,,,,,,,,,
fedavg,fedavg,434|504,434|504,2,434,data_4000_5_2.0_chordal,train_epoch,train,,6,5.0,0.14131840157508851,,,,,,,,4000,,,,,,,,,,,
fedavg,fedavg,434|504,434|504,2,434,data_4000_5_2.0_chordal,val_epoch,val,,6,,,0.15670916950702668,0.9394,0.7574999928474426,0.9309480401093894,0.9200129508972168,0.9200129508972168,0.9200129508972168,4000,,,,,,,,,,,
fedavg,fedavg,434|504,434|504,2,434,data_4000_5_2.0_chordal,val_epoch_task,val,cycle2,6,,,,,,,,,,4000,1978.0,19.0,1995.0,8.0,0.9904857285928893,0.9959718026183283,0.9932211637496948,0.9932211637496948,0.9932211637496948,1986.0,0.4964999854564667
fedavg,fedavg,434|504,434|504,2,434,data_4000_5_2.0_chordal,val_epoch_task,val,cycle3,6,,,,,,,,,,4000,1964.0,25.0,1988.0,23.0,0.987430869783811,0.98842476094615,0.9879276156425476,0.9879276156425476,0.9879276156425476,1987.0,0.49674999713897705
fedavg,fedavg,434|504,434|504,2,434,data_4000_5_2.0_chordal,val_epoch_task,val,cycle4,6,,,,,,,,,,4000,1697.0,76.0,2161.0,66.0,0.9571347997743936,0.9625638116846285,0.9598416686058044,0.9598416686058044,0.9598416686058044,1763.0,0.44075000286102295
fedavg,fedavg,434|504,434|504,2,434,data_4000_5_2.0_chordal,val_epoch_task,val,cycle5,6,,,,,,,,,,4000,1496.0,379.0,2096.0,29.0,0.7978666666666666,0.980983606557377,0.8799999356269836,0.8799999356269836,0.8799999356269836,1525.0,0.3812499940395355
fedavg,fedavg,434|504,434|504,2,434,data_4000_5_2.0_chordal,val_epoch_task,val,cycle6,6,,,,,,,,,,4000,1035.0,483.0,2378.0,104.0,0.6818181818181818,0.9086918349429324,0.7790741324424744,0.7790741324424744,0.7790741324424744,1139.0,0.2847500145435333
fedavg,fedavg,434|504,434|504,2,504,data_2000_3_11_chordal,train_epoch,train,,6,1.0,0.237547423183918,,,,,,,,2000,,,,,,,,,,,
fedavg,fedavg,434|504,434|504,2,504,data_2000_3_11_chordal,train_epoch,train,,6,2.0,0.19116533905267716,,,,,,,,2000,,,,,,,,,,,
fedavg,fedavg,434|504,434|504,2,504,data_2000_3_11_chordal,train_epoch,train,,6,3.0,0.16904174846410752,,,,,,,,2000,,,,,,,,,,,
fedavg,fedavg,434|504,434|504,2,504,data_2000_3_11_chordal,train_epoch,train,,6,4.0,0.18488958172500133,,,,,,,,2000,,,,,,,,,,,
fedavg,fedavg,434|504,434|504,2,504,data_2000_3_11_chordal,train_epoch,train,,6,5.0,0.1807365013062954,,,,,,,,2000,,,,,,,,,,,
fedavg,fedavg,434|504,434|504,2,504,data_2000_3_11_chordal,val_epoch,val,,6,,,0.2471355413198471,0.9474,0.8195000290870667,0.7297019527235354,0.7653425931930542,0.7653425931930542,0.7653425931930542,2000,,,,,,,,,,,
fedavg,fedavg,434|504,434|504,2,504,data_2000_3_11_chordal,val_epoch_task,val,cycle2,6,,,,,,,,,,2000,82.0,20.0,1898.0,0.0,0.803921568627451,1.0,0.8913043737411499,0.8913043737411499,0.8913043737411499,82.0,0.04100000113248825
fedavg,fedavg,434|504,434|504,2,504,data_2000_3_11_chordal,val_epoch_task,val,cycle3,6,,,,,,,,,,2000,128.0,50.0,1822.0,0.0,0.7191011235955056,1.0,0.8366012573242188,0.8366012573242188,0.8366012573242188,128.0,0.06400000303983688
fedavg,fedavg,434|504,434|504,2,504,data_2000_3_11_chordal,val_epoch_task,val,cycle4,6,,,,,,,,,,2000,152.0,78.0,1765.0,5.0,0.6608695652173913,0.9681528662420382,0.7855296730995178,0.7855296730995178,0.7855296730995178,157.0,0.07850000262260437
fedavg,fedavg,434|504,434|504,2,504,data_2000_3_11_chordal,val_epoch_task,val,cycle5,6,,,,,,,,,,2000,182.0,127.0,1686.0,5.0,0.5889967637540453,0.9732620320855615,0.7338710427284241,0.7338710427284241,0.7338710427284241,187.0,0.09350000321865082
fedavg,fedavg,434|504,434|504,2,504,data_2000_3_11_chordal,val_epoch_task,val,cycle6,6,,,,,,,,,,2000,166.0,224.0,1593.0,17.0,0.4256410256410256,0.907103825136612,0.5794066786766052,0.5794066786766052,0.5794066786766052,183.0,0.09149999916553497
fedavg,fedavg,434|504,434|504,2,434,data_4000_5_2.0_chordal,global_val_client,val,,6,,,0.18088005411624908,0.9183,0.6987500190734863,0.9109536784741145,0.9014080762863159,0.9014080762863159,0.9014080762863159,4000,,,,,,,,,,,
fedavg,fedavg,434|504,434|504,2,434,data_4000_5_2.0_chordal,global_val_client_task,val,cycle2,6,,,,,,,,,,4000,1986.0,9.0,2005.0,0.0,0.9954887218045113,1.0,0.9977392554283142,0.9977392554283142,0.9977392554283142,1986.0,0.4964999854564667
fedavg,fedavg,434|504,434|504,2,434,data_4000_5_2.0_chordal,global_val_client_task,val,cycle3,6,,,,,,,,,,4000,1987.0,40.0,1973.0,0.0,0.9802664035520473,1.0,0.9900348782539368,0.9900348782539368,0.9900348782539368,1987.0,0.49674999713897705
fedavg,fedavg,434|504,434|504,2,434,data_4000_5_2.0_chordal,global_val_client_task,val,cycle4,6,,,,,,,,,,4000,1757.0,240.0,1997.0,6.0,0.8798197295943916,0.996596710153148,0.9345744848251343,0.9345744848251343,0.9345744848251343,1763.0,0.44075000286102295
fedavg,fedavg,434|504,434|504,2,434,data_4000_5_2.0_chordal,global_val_client_task,val,cycle5,6,,,,,,,,,,4000,1514.0,528.0,1947.0,11.0,0.7414299706170421,0.9927868852459016,0.8488925695419312,0.8488925695419312,0.8488925695419312,1525.0,0.3812499940395355
fedavg,fedavg,434|504,434|504,2,434,data_4000_5_2.0_chordal,global_val_client_task,val,cycle6,6,,,,,,,,,,4000,1114.0,775.0,2086.0,25.0,0.5897300158814187,0.9780509218612818,0.7357991933822632,0.7357991933822632,0.7357991933822632,1139.0,0.2847500145435333
fedavg,fedavg,434|504,434|504,2,504,data_2000_3_11_chordal,global_val_client,val,,6,,,0.24658939582109451,0.9731,0.8970000147819519,0.8394029850746267,0.8544513583183289,0.8544513583183289,0.8544513583183289,2000,,,,,,,,,,,
fedavg,fedavg,434|504,434|504,2,504,data_2000_3_11_chordal,global_val_client_task,val,cycle2,6,,,,,,,,,,2000,82.0,13.0,1905.0,0.0,0.8631578947368421,1.0,0.9265536665916443,0.9265536665916443,0.9265536665916443,82.0,0.04100000113248825
fedavg,fedavg,434|504,434|504,2,504,data_2000_3_11_chordal,global_val_client_task,val,cycle3,6,,,,,,,,,,2000,126.0,26.0,1846.0,2.0,0.8289473684210527,0.984375,0.8999999761581421,0.8999999761581421,0.8999999761581421,128.0,0.06400000303983688
fedavg,fedavg,434|504,434|504,2,504,data_2000_3_11_chordal,global_val_client_task,val,cycle4,6,,,,,,,,,,2000,147.0,44.0,1799.0,10.0,0.7696335078534031,0.9363057324840764,0.8448275923728943,0.8448275923728943,0.8448275923728943,157.0,0.07850000262260437
fedavg,fedavg,434|504,434|504,2,504,data_2000_3_11_chordal,global_val_client_task,val,cycle5,6,,,,,,,,,,2000,175.0,64.0,1749.0,12.0,0.7322175732217573,0.9358288770053476,0.8215962052345276,0.8215962052345276,0.8215962052345276,187.0,0.09350000321865082
fedavg,fedavg,434|504,434|504,2,504,data_2000_3_11_chordal,global_val_client_task,val,cycle6,6,,,,,,,,,,2000,173.0,88.0,1729.0,10.0,0.6628352490421456,0.9453551912568307,0.7792792916297913,0.7792792916297913,0.7792792916297913,183.0,0.09149999916553497
fedavg,fedavg,434|504,434|504,2,all,all,global_val_mean,val,,6,,,0.20278316801786422,0.9365666666666667,0.7648333509763082,0.8871034473409518,0.8857558369636536,0.8857558369636536,0.8857558369636536,6000,,,,,,,,,,,
fedavg,fedavg,434|504,434|504,2,434,data_4000_5_2.0_chordal,train_epoch,train,,7,1.0,0.14836842679977416,,,,,,,,4000,,,,,,,,,,,
fedavg,fedavg,434|504,434|504,2,434,data_4000_5_2.0_chordal,train_epoch,train,,7,2.0,0.14860396200418471,,,,,,,,4000,,,,,,,,,,,
fedavg,fedavg,434|504,434|504,2,434,data_4000_5_2.0_chordal,train_epoch,train,,7,3.0,0.14160331773757934,,,,,,,,4000,,,,,,,,,,,
fedavg,fedavg,434|504,434|504,2,434,data_4000_5_2.0_chordal,train_epoch,train,,7,4.0,0.13817510521411897,,,,,,,,4000,,,,,,,,,,,
fedavg,fedavg,434|504,434|504,2,434,data_4000_5_2.0_chordal,train_epoch,train,,7,5.0,0.1447749674320221,,,,,,,,4000,,,,,,,,,,,
fedavg,fedavg,434|504,434|504,2,434,data_4000_5_2.0_chordal,val_epoch,val,,7,,,0.19003114044666292,0.9477,0.7927500009536743,0.9357651682633259,0.9179760217666626,0.9179760217666626,0.9179760217666626,4000,,,,,,,,,,,
fedavg,fedavg,434|504,434|504,2,434,data_4000_5_2.0_chordal,val_epoch_task,val,cycle2,7,,,,,,,,,,4000,1983.0,25.0,1989.0,3.0,0.9875498007968128,0.9984894259818731,0.9929895401000977,0.9929895401000977,0.9929895401000977,1986.0,0.4964999854564667
fedavg,fedavg,434|504,434|504,2,434,data_4000_5_2.0_chordal,val_epoch_task,val,cycle3,7,,,,,,,,,,4000,1942.0,24.0,1989.0,45.0,0.987792472024415,0.9773527931555108,0.9825448393821716,0.9825448393821716,0.9825448393821716,1987.0,0.49674999713897705
fedavg,fedavg,434|504,434|504,2,434,data_4000_5_2.0_chordal,val_epoch_task,val,cycle4,7,,,,,,,,,,4000,1659.0,41.0,2196.0,104.0,0.9758823529411764,0.9410096426545661,0.9581287503242493,0.9581287503242493,0.9581287503242493,1763.0,0.44075000286102295
fedavg,fedavg,434|504,434|504,2,434,data_4000_5_2.0_chordal,val_epoch_task,val,cycle5,7,,,,,,,,,,4000,1223.0,46.0,2429.0,302.0,0.9637509850275807,0.801967213114754,0.8754473328590393,0.8754473328590393,0.8754473328590393,1525.0,0.3812499940395355
fedavg,fedavg,434|504,434|504,2,434,data_4000_5_2.0_chordal,val_epoch_task,val,cycle6,7,,,,,,,,,,4000,812.0,129.0,2732.0,327.0,0.8629117959617428,0.7129060579455663,0.7807692885398865,0.7807692885398865,0.7807692885398865,1139.0,0.2847500145435333
fedavg,fedavg,434|504,434|504,2,504,data_2000_3_11_chordal,train_epoch,train,,7,1.0,0.21319286367297172,,,,,,,,2000,,,,,,,,,,,
fedavg,fedavg,434|504,434|504,2,504,data_2000_3_11_chordal,train_epoch,train,,7,2.0,0.18261995196342468,,,,,,,,2000,,,,,,,,,,,
fedavg,fedavg,434|504,434|504,2,504,data_2000_3_11_chordal,train_epoch,train,,7,3.0,0.20072350943088532,,,,,,,,2000,,,,,,,,,,,
fedavg,fedavg,434|504,434|504,2,504,data_2000_3_11_chordal,train_epoch,train,,7,4.0,0.16511707586050034,,,,,,,,2000,,,,,,,,,,,
fedavg,fedavg,434|504,434|504,2,504,data_2000_3_11_chordal,train_epoch,train,,7,5.0,0.1652846313714981,,,,,,,,2000,,,,,,,,,,,
fedavg,fedavg,434|504,434|504,2,504,data_2000_3_11_chordal,val_epoch,val,,7,,,0.20232633638381958,0.9678,0.8834999799728394,0.8155784650630011,0.8406270146369934,0.8406270146369934,0.8406270146369934,2000,,,,,,,,,,,
fedavg,fedavg,434|504,434|504,2,504,data_2000_3_11_chordal,val_epoch_task,val,cycle2,7,,,,,,,,,,2000,82.0,11.0,1907.0,0.0,0.8817204301075269,1.0,0.9371428489685059,0.9371428489685059,0.9371428489685059,82.0,0.04100000113248825
fedavg,fedavg,434|504,434|504,2,504,data_2000_3_11_chordal,val_epoch_task,val,cycle3,7,,,,,,,,,,2000,128.0,31.0,1841.0,0.0,0.8050314465408805,1.0,0.891986072063446,0.891986072063446,0.891986072063446,128.0,0.06400000303983688
fedavg,fedavg,434|504,434|504,2,504,data_2000_3_11_chordal,val_epoch_task,val,cycle4,7,,,,,,,,,,2000,154.0,50.0,1793.0,3.0,0.7549019607843137,0.9808917197452229,0.8531856536865234,0.8531856536865234,0.8531856536865234,157.0,0.07850000262260437
fedavg,fedavg,434|504,434|504,2,504,data_2000_3_11_chordal,val_epoch_task,val,cycle5,7,,,,,,,,,,2000,173.0,58.0,1755.0,14.0,0.7489177489177489,0.9251336898395722,0.8277511596679688,0.8277511596679688,0.8277511596679688,187.0,0.09350000321865082
fedavg,fedavg,434|504,434|504,2,504,data_2000_3_11_chordal,val_epoch_task,val,cycle6,7,,,,,,,,,,2000,175.0,147.0,1670.0,8.0,0.5434782608695652,0.9562841530054644,0.693069338798523,0.693069338798523,0.693069338798523,183.0,0.09149999916553497
fedavg,fedavg,434|504,434|504,2,434,data_4000_5_2.0_chordal,global_val_client,val,,7,,,0.13820213973522186,0.94855,0.7907500267028809,0.9411899182717036,0.9305203557014465,0.9305203557014465,0.9305203557014465,4000,,,,,,,,,,,
fedavg,fedavg,434|504,434|504,2,434,data_4000_5_2.0_chordal,global_val_client_task,val,cycle2,7,,,,,,,,,,4000,1986.0,21.0,1993.0,0.0,0.9895366218236173,1.0,0.9947407841682434,0.9947407841682434,0.9947407841682434,1986.0,0.4964999854564667
fedavg,fedavg,434|504,434|504,2,434,data_4000_5_2.0_chordal,global_val_client_task,val,cycle3,7,,,,,,,,,,4000,1987.0,32.0,1981.0,0.0,0.9841505695889053,1.0,0.9920119643211365,0.9920119643211365,0.9920119643211365,1987.0,0.49674999713897705
fedavg,fedavg,434|504,434|504,2,434,data_4000_5_2.0_chordal,global_val_client_task,val,cycle4,7,,,,,,,,,,4000,1749.0,143.0,2094.0,14.0,0.9244186046511628,0.9920589903573455,0.9570451378822327,0.9570451378822327,0.9570451378822327,1763.0,0.44075000286102295
fedavg,fedavg,434|504,434|504,2,434,data_4000_5_2.0_chordal,global_val_client_task,val,cycle5,7,,,,,,,,,,4000,1455.0,174.0,2301.0,70.0,0.8931860036832413,0.9540983606557377,0.9226379990577698,0.9226379990577698,0.9226379990577698,1525.0,0.3812499940395355
fedavg,fedavg,434|504,434|504,2,434,data_4000_5_2.0_chordal,global_val_client_task,val,cycle6,7,,,,,,,,,,4000,1057.0,493.0,2368.0,82.0,0.6819354838709677,0.9280070237050044,0.7861658930778503,0.7861658930778503,0.7861658930778503,1139.0,0.2847500145435333
fedavg,fedavg,434|504,434|504,2,504,data_2000_3_11_chordal,global_val_client,val,,7,,,0.25377484612166884,0.9741,0.906499981880188,0.8421694088970141,0.8510650396347046,0.8510650396347046,0.8510650396347046,2000,,,,,,,,,,,
fedavg,fedavg,434|504,434|504,2,504,data_2000_3_11_chordal,global_val_client_task,val,cycle2,7,,,,,,,,,,2000,82.0,19.0,1899.0,0.0,0.8118811881188119,1.0,0.8961748480796814,0.8961748480796814,0.8961748480796814,82.0,0.04100000113248825
fedavg,fedavg,434|504,434|504,2,504,data_2000_3_11_chordal,global_val_client_task,val,cycle3,7,,,,,,,,,,2000,128.0,29.0,1843.0,0.0,0.8152866242038217,1.0,0.898245632648468,0.898245632648468,0.898245632648468,128.0,0.06400000303983688
fedavg,fedavg,434|504,434|504,2,504,data_2000_3_11_chordal,global_val_client_task,val,cycle4,7,,,,,,,,,,2000,151.0,61.0,1782.0,6.0,0.7122641509433962,0.9617834394904459,0.8184282183647156,0.8184282183647156,0.8184282183647156,157.0,0.07850000262260437
fedavg,fedavg,434|504,434|504,2,504,data_2000_3_11_chordal,global_val_client_task,val,cycle5,7,,,,,,,,,,2000,173.0,39.0,1774.0,14.0,0.8160377358490566,0.9251336898395722,0.8671678900718689,0.8671678900718689,0.8671678900718689,187.0,0.09350000321865082
fedavg,fedavg,434|504,434|504,2,504,data_2000_3_11_chordal,global_val_client_task,val,cycle6,7,,,,,,,,,,2000,157.0,65.0,1752.0,26.0,0.7072072072072072,0.8579234972677595,0.7753086686134338,0.7753086686134338,0.7753086686134338,183.0,0.09149999916553497
fedavg,fedavg,434|504,434|504,2,all,all,global_val_mean,val,,7,,,0.17672637519737086,0.9570666666666666,0.8293333450953165,0.9081830818134737,0.9040352503458658,0.9040352503458658,0.9040352503458658,6000,,,,,,,,,,,
fedavg,fedavg,434|504,434|504,2,434,data_4000_5_2.0_chordal,train_epoch,train,,8,1.0,0.14383939355611802,,,,,,,,4000,,,,,,,,,,,
fedavg,fedavg,434|504,434|504,2,434,data_4000_5_2.0_chordal,train_epoch,train,,8,2.0,0.13911829572916032,,,,,,,,4000,,,,,,,,,,,
fedavg,fedavg,434|504,434|504,2,434,data_4000_5_2.0_chordal,train_epoch,train,,8,3.0,0.13479982149600983,,,,,,,,4000,,,,,,,,,,,
fedavg,fedavg,434|504,434|504,2,434,data_4000_5_2.0_chordal,train_epoch,train,,8,4.0,0.1415936990380287,,,,,,,,4000,,,,,,,,,,,
fedavg,fedavg,434|504,434|504,2,434,data_4000_5_2.0_chordal,train_epoch,train,,8,5.0,0.12949384313821793,,,,,,,,4000,,,,,,,,,,,
fedavg,fedavg,434|504,434|504,2,434,data_4000_5_2.0_chordal,val_epoch,val,,8,,,0.1820722383260727,0.95185,0.8077499866485596,0.9412912272145338,0.9237491488456726,0.9237491488456726,0.9237491488456726,4000,,,,,,,,,,,
fedavg,fedavg,434|504,434|504,2,434,data_4000_5_2.0_chordal,val_epoch_task,val,cycle2,8,,,,,,,,,,4000,1982.0,26.0,1988.0,4.0,0.9870517928286853,0.9979859013091642,0.9924887418746948,0.9924887418746948,0.9924887418746948,1986.0,0.4964999854564667
fedavg,fedavg,434|504,434|504,2,434,data_4000_5_2.0_chordal,val_epoch_task,val,cycle3,8,,,,,,,,,,4000,1982.0,31.0,1982.0,5.0,0.9846000993541977,0.9974836436839456,0.9909999966621399,0.9909999966621399,0.9909999966621399,1987.0,0.49674999713897705
fedavg,fedavg,434|504,434|504,2,434,data_4000_5_2.0_chordal,val_epoch_task,val,cycle4,8,,,,,,,,,,4000,1653.0,35.0,2202.0,110.0,0.9792654028436019,0.9376063528077141,0.957983136177063,0.957983136177063,0.957983136177063,1763.0,0.44075000286102295
fedavg,fedavg,434|504,434|504,2,434,data_4000_5_2.0_chordal,val_epoch_task,val,cycle5,8,,,,,,,,,,4000,1299.0,77.0,2398.0,226.0,0.9440406976744186,0.8518032786885246,0.8955532312393188,0.8955532312393188,0.8955532312393188,1525.0,0.3812499940395355
fedavg,fedavg,434|504,434|504,2,434,data_4000_5_2.0_chordal,val_epoch_task,val,cycle6,8,,,,,,,,,,4000,804.0,114.0,2747.0,335.0,0.8758169934640523,0.7058823529411765,0.7817209959030151,0.7817209959030151,0.7817209959030151,1139.0,0.2847500145435333
fedavg,fedavg,434|504,434|504,2,504,data_2000_3_11_chordal,train_epoch,train,,8,1.0,0.1957485801577568,,,,,,,,2000,,,,,,,,,,,
fedavg,fedavg,434|504,434|504,2,504,data_2000_3_11_chordal,train_epoch,train,,8,2.0,0.1823709184769541,,,,,,,,2000,,,,,,,,,,,
fedavg,fedavg,434|504,434|504,2,504,data_2000_3_11_chordal,train_epoch,train,,8,3.0,0.15682796008884906,,,,,,,,2000,,,,,,,,,,,
fedavg,fedavg,434|504,434|504,2,504,data_2000_3_11_chordal,train_epoch,train,,8,4.0,0.14022075855731964,,,,,,,,2000,,,,,,,,,,,
fedavg,fedavg,434|504,434|504,2,504,data_2000_3_11_chordal,train_epoch,train,,8,5.0,0.1732935197353363,,,,,,,,2000,,,,,,,,,,,
fedavg,fedavg,434|504,434|504,2,504,data_2000_3_11_chordal,val_epoch,val,,8,,,0.16441921430826187,0.9559,0.8464999794960022,0.7689889994761655,0.811235785484314,0.811235785484314,0.811235785484314,2000,,,,,,,,,,,
fedavg,fedavg,434|504,434|504,2,504,data_2000_3_11_chordal,val_epoch_task,val,cycle2,8,,,,,,,,,,2000,80.0,8.0,1910.0,2.0,0.9090909090909091,0.975609756097561,0.9411764740943909,0.9411764740943909,0.9411764740943909,82.0,0.04100000113248825
fedavg,fedavg,434|504,434|504,2,504,data_2000_3_11_chordal,val_epoch_task,val,cycle3,8,,,,,,,,,,2000,128.0,26.0,1846.0,0.0,0.8311688311688312,1.0,0.9078013896942139,0.9078013896942139,0.9078013896942139,128.0,0.06400000303983688
fedavg,fedavg,434|504,434|504,2,504,data_2000_3_11_chordal,val_epoch_task,val,cycle4,8,,,,,,,,,,2000,157.0,57.0,1786.0,0.0,0.7336448598130841,1.0,0.8463611602783203,0.8463611602783203,0.8463611602783203,157.0,0.07850000262260437
fedavg,fedavg,434|504,434|504,2,504,data_2000_3_11_chordal,val_epoch_task,val,cycle5,8,,,,,,,,,,2000,187.0,153.0,1660.0,0.0,0.55,1.0,0.7096774578094482,0.7096774578094482,0.7096774578094482,187.0,0.09350000321865082
fedavg,fedavg,434|504,434|504,2,504,data_2000_3_11_chordal,val_epoch_task,val,cycle6,8,,,,,,,,,,2000,182.0,194.0,1623.0,1.0,0.48404255319148937,0.994535519125683,0.6511628031730652,0.6511628031730652,0.6511628031730652,183.0,0.09149999916553497
fedavg,fedavg,434|504,434|504,2,434,data_4000_5_2.0_chordal,global_val_client,val,,8,,,0.14166223204135894,0.9445,0.78125,0.9374013083690503,0.9273847341537476,0.9273847341537476,0.9273847341537476,4000,,,,,,,,,,,
fedavg,fedavg,434|504,434|504,2,434,data_4000_5_2.0_chordal,global_val_client_task,val,cycle2,8,,,,,,,,,,4000,1986.0,20.0,1994.0,0.0,0.9900299102691924,1.0,0.9949899911880493,0.9949899911880493,0.9949899911880493,1986.0,0.4964999854564667
fedavg,fedavg,434|504,434|504,2,434,data_4000_5_2.0_chordal,global_val_client_task,val,cycle3,8,,,,,,,,,,4000,1986.0,24.0,1989.0,1.0,0.9880597014925373,0.9994967287367891,0.9937453269958496,0.9937453269958496,0.9937453269958496,1987.0,0.49674999713897705
fedavg,fedavg,434|504,434|504,2,434,data_4000_5_2.0_chordal,global_val_client_task,val,cycle4,8,,,,,,,,,,4000,1748.0,139.0,2098.0,15.0,0.926338102808691,0.9914917753828701,0.957808256149292,0.957808256149292,0.957808256149292,1763.0,0.44075000286102295
fedavg,fedavg,434|504,434|504,2,434,data_4000_5_2.0_chordal,global_val_client_task,val,cycle5,8,,,,,,,,,,4000,1501.0,295.0,2180.0,24.0,0.8357461024498887,0.9842622950819672,0.9039446115493774,0.9039446115493774,0.9039446115493774,1525.0,0.3812499940395355
fedavg,fedavg,434|504,434|504,2,434,data_4000_5_2.0_chordal,global_val_client_task,val,cycle6,8,,,,,,,,,,4000,1090.0,543.0,2318.0,49.0,0.6674831598285365,0.9569798068481123,0.7864357829093933,0.7864357829093933,0.7864357829093933,1139.0,0.2847500145435333
fedavg,fedavg,434|504,434|504,2,504,data_2000_3_11_chordal,global_val_client,val,,8,,,0.24251713736355304,0.9744,0.9024999737739563,0.8448484848484848,0.8565170168876648,0.8565170168876648,0.8565170168876648,2000,,,,,,,,,,,
fedavg,fedavg,434|504,434|504,2,504,data_2000_3_11_chordal,global_val_client_task,val,cycle2,8,,,,,,,,,,2000,82.0,11.0,1907.0,0.0,0.8817204301075269,1.0,0.9371428489685059,0.9371428489685059,0.9371428489685059,82.0,0.04100000113248825
fedavg,fedavg,434|504,434|504,2,504,data_2000_3_11_chordal,global_val_client_task,val,cycle3,8,,,,,,,,,,2000,128.0,37.0,1835.0,0.0,0.7757575757575758,1.0,0.873720109462738,0.873720109462738,0.873720109462738,128.0,0.06400000303983688
fedavg,fedavg,434|504,434|504,2,504,data_2000_3_11_chordal,global_val_client_task,val,cycle4,8,,,,,,,,,,2000,152.0,55.0,1788.0,5.0,0.7342995169082126,0.9681528662420382,0.8351648449897766,0.8351648449897766,0.8351648449897766,157.0,0.07850000262260437
fedavg,fedavg,434|504,434|504,2,504,data_2000_3_11_chordal,global_val_client_task,val,cycle5,8,,,,,,,,,,2000,181.0,47.0,1766.0,6.0,0.793859649122807,0.9679144385026738,0.87228924036026,0.87228924036026,0.87228924036026,187.0,0.09350000321865082
fedavg,fedavg,434|504,434|504,2,504,data_2000_3_11_chordal,global_val_client_task,val,cycle6,8,,,,,,,,,,2000,154.0,66.0,1751.0,29.0,0.7,0.8415300546448088,0.7642679810523987,0.7642679810523987,0.7642679810523987,183.0,0.09149999916553497
fedavg,fedavg,434|504,434|504,2,all,all,global_val_mean,val,,8,,,0.17528053381542366,0.9544666666666667,0.8216666579246521,0.9065503671955285,0.90376216173172,0.90376216173172,0.90376216173172,6000,,,,,,,,,,,
fedavg,fedavg,434|504,434|504,2,434,data_4000_5_2.0_chordal,train_epoch,train,,9,1.0,0.12985478031635284,,,,,,,,4000,,,,,,,,,,,
fedavg,fedavg,434|504,434|504,2,434,data_4000_5_2.0_chordal,train_epoch,train,,9,2.0,0.13097364789247512,,,,,,,,4000,,,,,,,,,,,
fedavg,fedavg,434|504,434|504,2,434,data_4000_5_2.0_chordal,train_epoch,train,,9,3.0,0.1197063353061676,,,,,,,,4000,,,,,,,,,,,
fedavg,fedavg,434|504,434|504,2,434,data_4000_5_2.0_chordal,train_epoch,train,,9,4.0,0.1266729145050049,,,,,,,,4000,,,,,,,,,,,
fedavg,fedavg,434|504,434|504,2,434,data_4000_5_2.0_chordal,train_epoch,train,,9,5.0,0.12711698192358017,,,,,,,,4000,,,,,,,,,,,
fedavg,fedavg,434|504,434|504,2,434,data_4000_5_2.0_chordal,val_epoch,val,,9,,,0.13161482512950898,0.9562,0.815500020980835,0.9490519948819357,0.9371482133865356,0.9371482133865356,0.9371482133865356,4000,,,,,,,,,,,
fedavg,fedavg,434|504,434|504,2,434,data_4000_5_2.0_chordal,val_epoch_task,val,cycle2,9,,,,,,,,,,4000,1986.0,22.0,1992.0,0.0,0.9890438247011952,1.0,0.9944917559623718,0.9944917559623718,0.9944917559623718,1986.0,0.4964999854564667
fedavg,fedavg,434|504,434|504,2,434,data_4000_5_2.0_chordal,val_epoch_task,val,cycle3,9,,,,,,,,,,4000,1982.0,13.0,2000.0,5.0,0.993483709273183,0.9974836436839456,0.9954796433448792,0.9954796433448792,0.9954796433448792,1987.0,0.49674999713897705
fedavg,fedavg,434|504,434|504,2,434,data_4000_5_2.0_chordal,val_epoch_task,val,cycle4,9,,,,,,,,,,4000,1739.0,77.0,2160.0,24.0,0.9575991189427313,0.9863868406125922,0.9717798233032227,0.9717798233032227,0.9717798233032227,1763.0,0.44075000286102295
fedavg,fedavg,434|504,434|504,2,434,data_4000_5_2.0_chordal,val_epoch_task,val,cycle5,9,,,,,,,,,,4000,1485.0,250.0,2225.0,40.0,0.8559077809798271,0.9737704918032787,0.9110429883003235,0.9110429883003235,0.9110429883003235,1525.0,0.3812499940395355
fedavg,fedavg,434|504,434|504,2,434,data_4000_5_2.0_chordal,val_epoch_task,val,cycle6,9,,,,,,,,,,4000,967.0,273.0,2588.0,172.0,0.7798387096774193,0.848990342405619,0.812946617603302,0.812946617603302,0.812946617603302,1139.0,0.2847500145435333
fedavg,fedavg,434|504,434|504,2,504,data_2000_3_11_chordal,train_epoch,train,,9,1.0,0.14881734129786492,,,,,,,,2000,,,,,,,,,,,
fedavg,fedavg,434|504,434|504,2,504,data_2000_3_11_chordal,train_epoch,train,,9,2.0,0.17894718021154404,,,,,,,,2000,,,,,,,,,,,
fedavg,fedavg,434|504,434|504,2,504,data_2000_3_11_chordal,train_epoch,train,,9,3.0,0.14473303878307342,,,,,,,,2000,,,,,,,,,,,
fedavg,fedavg,434|504,434|504,2,504,data_2000_3_11_chordal,train_epoch,train,,9,4.0,0.1367590723335743,,,,,,,,2000,,,,,,,,,,,
fedavg,fedavg,434|504,434|504,2,504,data_2000_3_11_chordal,train_epoch,train,,9,5.0,0.12618626376986503,,,,,,,,2000,,,,,,,,,,,
fedavg,fedavg,434|504,434|504,2,504,data_2000_3_11_chordal,val_epoch,val,,9,,,0.3208984209522605,0.9766,0.9085000157356262,0.85375,0.8712639808654785,0.8712639808654785,0.8712639808654785,2000,,,,,,,,,,,
fedavg,fedavg,434|504,434|504,2,504,data_2000_3_11_chordal,val_epoch_task,val,cycle2,9,,,,,,,,,,2000,82.0,11.0,1907.0,0.0,0.8817204301075269,1.0,0.9371428489685059,0.9371428489685059,0.9371428489685059,82.0,0.04100000113248825
fedavg,fedavg,434|504,434|504,2,504,data_2000_3_11_chordal,val_epoch_task,val,cycle3,9,,,,,,,,,,2000,125.0,15.0,1857.0,3.0,0.8928571428571429,0.9765625,0.9328358173370361,0.9328358173370361,0.9328358173370361,128.0,0.06400000303983688
fedavg,fedavg,434|504,434|504,2,504,data_2000_3_11_chordal,val_epoch_task,val,cycle4,9,,,,,,,,,,2000,148.0,25.0,1818.0,9.0,0.8554913294797688,0.9426751592356688,0.8969696760177612,0.8969696760177612,0.8969696760177612,157.0,0.07850000262260437
fedavg,fedavg,434|504,434|504,2,504,data_2000_3_11_chordal,val_epoch_task,val,cycle5,9,,,,,,,,,,2000,169.0,45.0,1768.0,18.0,0.7897196261682243,0.9037433155080213,0.8428928256034851,0.8428928256034851,0.8428928256034851,187.0,0.09350000321865082
fedavg,fedavg,434|504,434|504,2,504,data_2000_3_11_chordal,val_epoch_task,val,cycle6,9,,,,,,,,,,2000,159.0,84.0,1733.0,24.0,0.654320987654321,0.8688524590163934,0.7464788556098938,0.7464788556098938,0.7464788556098938,183.0,0.09149999916553497
fedavg,fedavg,434|504,434|504,2,434,data_4000_5_2.0_chordal,global_val_client,val,,9,,,0.14887119591236114,0.9391,0.7599999904632568,0.9318181818181818,0.9216116070747375,0.9216116070747375,0.9216116070747375,4000,,,,,,,,,,,
fedavg,fedavg,434|504,434|504,2,434,data_4000_5_2.0_chordal,global_val_client_task,val,cycle2,9,,,,,,,,,,4000,1986.0,18.0,1996.0,0.0,0.9910179640718563,1.0,0.995488703250885,0.995488703250885,0.995488703250885,1986.0,0.4964999854564667
fedavg,fedavg,434|504,434|504,2,434,data_4000_5_2.0_chordal,global_val_client_task,val,cycle3,9,,,,,,,,,,4000,1987.0,24.0,1989.0,0.0,0.9880656389855793,1.0,0.9939969778060913,0.9939969778060913,0.9939969778060913,1987.0,0.49674999713897705
fedavg,fedavg,434|504,434|504,2,434,data_4000_5_2.0_chordal,global_val_client_task,val,cycle4,9,,,,,,,,,,4000,1752.0,123.0,2114.0,11.0,0.9344,0.9937606352807714,0.9631665945053101,0.9631665945053101,0.9631665945053101,1763.0,0.44075000286102295
fedavg,fedavg,434|504,434|504,2,434,data_4000_5_2.0_chordal,global_val_client_task,val,cycle5,9,,,,,,,,,,4000,1508.0,383.0,2092.0,17.0,0.7974616604970914,0.9888524590163934,0.8829039931297302,0.8829039931297302,0.8829039931297302,1525.0,0.3812499940395355
fedavg,fedavg,434|504,434|504,2,434,data_4000_5_2.0_chordal,global_val_client_task,val,cycle6,9,,,,,,,,,,4000,1090.0,593.0,2268.0,49.0,0.6476530005941771,0.9569798068481123,0.7725017666816711,0.7725017666816711,0.7725017666816711,1139.0,0.2847500145435333
fedavg,fedavg,434|504,434|504,2,504,data_2000_3_11_chordal,global_val_client,val,,9,,,0.25286352156847713,0.9755,0.9079999923706055,0.8490449784349968,0.8599461317062378,0.8599461317062378,0.8599461317062378,2000,,,,,,,,,,,
fedavg,fedavg,434|504,434|504,2,504,data_2000_3_11_chordal,global_val_client_task,val,cycle2,9,,,,,,,,,,2000,82.0,21.0,1897.0,0.0,0.7961165048543689,1.0,0.8864864706993103,0.8864864706993103,0.8864864706993103,82.0,0.04100000113248825
fedavg,fedavg,434|504,434|504,2,504,data_2000_3_11_chordal,global_val_client_task,val,cycle3,9,,,,,,,,,,2000,127.0,15.0,1857.0,1.0,0.8943661971830986,0.9921875,0.9407407641410828,0.9407407641410828,0.9407407641410828,128.0,0.06400000303983688
fedavg,fedavg,434|504,434|504,2,504,data_2000_3_11_chordal,global_val_client_task,val,cycle4,9,,,,,,,,,,2000,151.0,40.0,1803.0,6.0,0.7905759162303665,0.9617834394904459,0.8678160905838013,0.8678160905838013,0.8678160905838013,157.0,0.07850000262260437
fedavg,fedavg,434|504,434|504,2,504,data_2000_3_11_chordal,global_val_client_task,val,cycle5,9,,,,,,,,,,2000,169.0,63.0,1750.0,18.0,0.728448275862069,0.9037433155080213,0.8066825270652771,0.8066825270652771,0.8066825270652771,187.0,0.09350000321865082
fedavg,fedavg,434|504,434|504,2,504,data_2000_3_11_chordal,global_val_client_task,val,cycle6,9,,,,,,,,,,2000,160.0,58.0,1759.0,23.0,0.7339449541284404,0.8743169398907104,0.7980050444602966,0.7980050444602966,0.7980050444602966,183.0,0.09149999916553497
fedavg,fedavg,434|504,434|504,2,all,all,global_val_mean,val,,9,,,0.1835353044643998,0.9512333333333333,0.809333324432373,0.9042271140237867,0.9010564486185709,0.9010564486185709,0.9010564486185709,6000,,,,,,,,,,,
fedavg,fedavg,434|504,434|504,2,434,data_4000_5_2.0_chordal,train_epoch,train,,10,1.0,0.1318661515712738,,,,,,,,4000,,,,,,,,,,,
fedavg,fedavg,434|504,434|504,2,434,data_4000_5_2.0_chordal,train_epoch,train,,10,2.0,0.12920731765031815,,,,,,,,4000,,,,,,,,,,,
fedavg,fedavg,434|504,434|504,2,434,data_4000_5_2.0_chordal,train_epoch,train,,10,3.0,0.12648256385326387,,,,,,,,4000,,,,,,,,,,,
fedavg,fedavg,434|504,434|504,2,434,data_4000_5_2.0_chordal,train_epoch,train,,10,4.0,0.11565184760093689,,,,,,,,4000,,,,,,,,,,,
fedavg,fedavg,434|504,434|504,2,434,data_4000_5_2.0_chordal,train_epoch,train,,10,5.0,0.11953759014606476,,,,,,,,4000,,,,,,,,,,,
fedavg,fedavg,434|504,434|504,2,434,data_4000_5_2.0_chordal,val_epoch,val,,10,,,0.12684503000974656,0.9602,0.8367499709129333,0.9528491884847766,0.9407991170883179,0.9407991170883179,0.9407991170883179,4000,,,,,,,,,,,
fedavg,fedavg,434|504,434|504,2,434,data_4000_5_2.0_chordal,val_epoch_task,val,cycle2,10,,,,,,,,,,4000,1983.0,13.0,2001.0,3.0,0.9934869739478958,0.9984894259818731,0.9959819316864014,0.9959819316864014,0.9959819316864014,1986.0,0.4964999854564667
fedavg,fedavg,434|504,434|504,2,434,data_4000_5_2.0_chordal,val_epoch_task,val,cycle3,10,,,,,,,,,,4000,1983.0,21.0,1992.0,4.0,0.9895209580838323,0.9979869149471565,0.9937359690666199,0.9937359690666199,0.9937359690666199,1987.0,0.49674999713897705
fedavg,fedavg,434|504,434|504,2,434,data_4000_5_2.0_chordal,val_epoch_task,val,cycle4,10,,,,,,,,,,4000,1720.0,66.0,2171.0,43.0,0.9630459126539753,0.975609756097561,0.9692871570587158,0.9692871570587158,0.9692871570587158,1763.0,0.44075000286102295
fedavg,fedavg,434|504,434|504,2,434,data_4000_5_2.0_chordal,val_epoch_task,val,cycle5,10,,,,,,,,,,4000,1404.0,106.0,2369.0,121.0,0.9298013245033112,0.920655737704918,0.9252059459686279,0.9252059459686279,0.9252059459686279,1525.0,0.3812499940395355
fedavg,fedavg,434|504,434|504,2,434,data_4000_5_2.0_chordal,val_epoch_task,val,cycle6,10,,,,,,,,,,4000,953.0,233.0,2628.0,186.0,0.8035413153456998,0.8366988586479368,0.819784939289093,0.819784939289093,0.819784939289093,1139.0,0.2847500145435333
fedavg,fedavg,434|504,434|504,2,504,data_2000_3_11_chordal,train_epoch,train,,10,1.0,0.1772613758444786,,,,,,,,2000,,,,,,,,,,,
fedavg,fedavg,434|504,434|504,2,504,data_2000_3_11_chordal,train_epoch,train,,10,2.0,0.14773903238773345,,,,,,,,2000,,,,,,,,,,,
fedavg,fedavg,434|504,434|504,2,504,data_2000_3_11_chordal,train_epoch,train,,10,3.0,0.1372461895942688,,,,,,,,2000,,,,,,,,,,,
fedavg,fedavg,434|504,434|504,2,504,data_2000_3_11_chordal,train_epoch,train,,10,4.0,0.159656966984272,,,,,,,,2000,,,,,,,,,,,
fedavg,fedavg,434|504,434|504,2,504,data_2000_3_11_chordal,train_epoch,train,,10,5.0,0.1354032179415226,,,,,,,,2000,,,,,,,,,,,
fedavg,fedavg,434|504,434|504,2,504,data_2000_3_11_chordal,val_epoch,val,,10,,,0.1854716398715973,0.9546,0.8429999947547913,0.7625523012552301,0.7919167280197144,0.7919167280197144,0.7919167280197144,2000,,,,,,,,,,,
fedavg,fedavg,434|504,434|504,2,504,data_2000_3_11_chordal,val_epoch_task,val,cycle2,10,,,,,,,,,,2000,82.0,20.0,1898.0,0.0,0.803921568627451,1.0,0.8913043737411499,0.8913043737411499,0.8913043737411499,82.0,0.04100000113248825
fedavg,fedavg,434|504,434|504,2,504,data_2000_3_11_chordal,val_epoch_task,val,cycle3,10,,,,,,,,,,2000,128.0,45.0,1827.0,0.0,0.7398843930635838,1.0,0.8504983186721802,0.8504983186721802,0.8504983186721802,128.0,0.06400000303983688
fedavg,fedavg,434|504,434|504,2,504,data_2000_3_11_chordal,val_epoch_task,val,cycle4,10,,,,,,,,,,2000,155.0,65.0,1778.0,2.0,0.7045454545454546,0.9872611464968153,0.8222811818122864,0.8222811818122864,0.8222811818122864,157.0,0.07850000262260437
fedavg,fedavg,434|504,434|504,2,504,data_2000_3_11_chordal,val_epoch_task,val,cycle5,10,,,,,,,,,,2000,184.0,115.0,1698.0,3.0,0.6153846153846154,0.983957219251337,0.757201611995697,0.757201611995697,0.757201611995697,187.0,0.09350000321865082
fedavg,fedavg,434|504,434|504,2,504,data_2000_3_11_chordal,val_epoch_task,val,cycle6,10,,,,,,,,,,2000,180.0,201.0,1616.0,3.0,0.47244094488188976,0.9836065573770492,0.6382978558540344,0.6382978558540344,0.6382978558540344,183.0,0.09149999916553497
fedavg,fedavg,434|504,434|504,2,434,data_4000_5_2.0_chordal,global_val_client,val,,10,,,0.13873995888233184,0.9412,0.7617499828338623,0.93399932652374,0.9239978790283203,0.9239978790283203,0.9239978790283203,4000,,,,,,,,,,,
fedavg,fedavg,434|504,434|504,2,434,data_4000_5_2.0_chordal,global_val_client_task,val,cycle2,10,,,,,,,,,,4000,1985.0,22.0,1992.0,1.0,0.98903836571998,0.999496475327291,0.9942399263381958,0.9942399263381958,0.9942399263381958,1986.0,0.4964999854564667
fedavg,fedavg,434|504,434|504,2,434,data_4000_5_2.0_chordal,global_val_client_task,val,cycle3,10,,,,,,,,,,4000,1986.0,23.0,1990.0,1.0,0.9885515181682429,0.9994967287367891,0.9939939975738525,0.9939939975738525,0.9939939975738525,1987.0,0.49674999713897705
fedavg,fedavg,434|504,434|504,2,434,data_4000_5_2.0_chordal,global_val_client_task,val,cycle4,10,,,,,,,,,,4000,1751.0,127.0,2110.0,12.0,0.9323748668796592,0.9931934203062961,0.9618237018585205,0.9618237018585205,0.9618237018585205,1763.0,0.44075000286102295
fedavg,fedavg,434|504,434|504,2,434,data_4000_5_2.0_chordal,global_val_client_task,val,cycle5,10,,,,,,,,,,4000,1501.0,290.0,2185.0,24.0,0.8380792853154663,0.9842622950819672,0.9053075909614563,0.9053075909614563,0.9053075909614563,1525.0,0.3812499940395355
fedavg,fedavg,434|504,434|504,2,434,data_4000_5_2.0_chordal,global_val_client_task,val,cycle6,10,,,,,,,,,,4000,1098.0,635.0,2226.0,41.0,0.6335833814195038,0.9640035118525022,0.7646239399909973,0.7646239399909973,0.7646239399909973,1139.0,0.2847500145435333
fedavg,fedavg,434|504,434|504,2,504,data_2000_3_11_chordal,global_val_client,val,,10,,,0.15088176818192006,0.9767,0.909500002861023,0.8598917618761276,0.8764851689338684,0.8764851689338684,0.8764851689338684,2000,,,,,,,,,,,
fedavg,fedavg,434|504,434|504,2,504,data_2000_3_11_chordal,global_val_client_task,val,cycle2,10,,,,,,,,,,2000,82.0,5.0,1913.0,0.0,0.9425287356321839,1.0,0.9704142212867737,0.9704142212867737,0.9704142212867737,82.0,0.04100000113248825
fedavg,fedavg,434|504,434|504,2,504,data_2000_3_11_chordal,global_val_client_task,val,cycle3,10,,,,,,,,,,2000,128.0,28.0,1844.0,0.0,0.8205128205128205,1.0,0.9014084935188293,0.9014084935188293,0.9014084935188293,128.0,0.06400000303983688
fedavg,fedavg,434|504,434|504,2,504,data_2000_3_11_chordal,global_val_client_task,val,cycle4,10,,,,,,,,,,2000,155.0,43.0,1800.0,2.0,0.7828282828282829,0.9872611464968153,0.8732394576072693,0.8732394576072693,0.8732394576072693,157.0,0.07850000262260437
fedavg,fedavg,434|504,434|504,2,504,data_2000_3_11_chordal,global_val_client_task,val,cycle5,10,,,,,,,,,,2000,181.0,60.0,1753.0,6.0,0.7510373443983402,0.9679144385026738,0.8457943797111511,0.8457943797111511,0.8457943797111511,187.0,0.09350000321865082
fedavg,fedavg,434|504,434|504,2,504,data_2000_3_11_chordal,global_val_client_task,val,cycle6,10,,,,,,,,,,2000,169.0,75.0,1742.0,14.0,0.6926229508196722,0.9234972677595629,0.7915690541267395,0.7915690541267395,0.7915690541267395,183.0,0.09149999916553497
fedavg,fedavg,434|504,434|504,2,all,all,global_val_mean,val,,10,,,0.14278722864886126,0.9530333333333335,0.8109999895095825,0.9092968049745358,0.9081603089968363,0.9081603089968363,0.9081603089968363,6000,,,,,,,,,,,
fedavg,fedavg,434|504,434|504,2,434,data_4000_5_2.0_chordal,train_epoch,train,,11,1.0,0.12147634321451187,,,,,,,,4000,,,,,,,,,,,
fedavg,fedavg,434|504,434|504,2,434,data_4000_5_2.0_chordal,train_epoch,train,,11,2.0,0.12171183174848557,,,,,,,,4000,,,,,,,,,,,
fedavg,fedavg,434|504,434|504,2,434,data_4000_5_2.0_chordal,train_epoch,train,,11,3.0,0.10816248553991317,,,,,,,,4000,,,,,,,,,,,
fedavg,fedavg,434|504,434|504,2,434,data_4000_5_2.0_chordal,train_epoch,train,,11,4.0,0.11210530477762222,,,,,,,,4000,,,,,,,,,,,
fedavg,fedavg,434|504,434|504,2,434,data_4000_5_2.0_chordal,train_epoch,train,,11,5.0,0.11729231655597687,,,,,,,,4000,,,,,,,,,,,
fedavg,fedavg,434|504,434|504,2,434,data_4000_5_2.0_chordal,val_epoch,val,,11,,,0.1502329989671707,0.95525,0.812749981880188,0.9466022313704433,0.931743323802948,0.931743323802948,0.931743323802948,4000,,,,,,,,,,,
fedavg,fedavg,434|504,434|504,2,434,data_4000_5_2.0_chordal,val_epoch_task,val,cycle2,11,,,,,,,,,,4000,1986.0,14.0,2000.0,0.0,0.993,1.0,0.9964876770973206,0.9964876770973206,0.9964876770973206,1986.0,0.4964999854564667
fedavg,fedavg,434|504,434|504,2,434,data_4000_5_2.0_chordal,val_epoch_task,val,cycle3,11,,,,,,,,,,4000,1981.0,14.0,1999.0,6.0,0.9929824561403509,0.9969803724207348,0.9949774146080017,0.9949774146080017,0.9949774146080017,1987.0,0.49674999713897705
fedavg,fedavg,434|504,434|504,2,434,data_4000_5_2.0_chordal,val_epoch_task,val,cycle4,11,,,,,,,,,,4000,1694.0,38.0,2199.0,69.0,0.9780600461893765,0.9608621667612025,0.9693848490715027,0.9693848490715027,0.9693848490715027,1763.0,0.44075000286102295
fedavg,fedavg,434|504,434|504,2,434,data_4000_5_2.0_chordal,val_epoch_task,val,cycle5,11,,,,,,,,,,4000,1392.0,170.0,2305.0,133.0,0.8911651728553137,0.9127868852459017,0.9018464684486389,0.9018464684486389,0.9018464684486389,1525.0,0.3812499940395355
fedavg,fedavg,434|504,434|504,2,434,data_4000_5_2.0_chordal,val_epoch_task,val,cycle6,11,,,,,,,,,,4000,880.0,192.0,2669.0,259.0,0.8208955223880597,0.7726075504828798,0.7960199117660522,0.7960199117660522,0.7960199117660522,1139.0,0.2847500145435333
fedavg,fedavg,434|504,434|504,2,504,data_2000_3_11_chordal,train_epoch,train,,11,1.0,0.21654077157378196,,,,,,,,2000,,,,,,,,,,,
fedavg,fedavg,434|504,434|504,2,504,data_2000_3_11_chordal,train_epoch,train,,11,2.0,0.15464182221889497,,,,,,,,2000,,,,,,,,,,,
fedavg,fedavg,434|504,434|504,2,504,data_2000_3_11_chordal,train_epoch,train,,11,3.0,0.14156640312680974,,,,,,,,2000,,,,,,,,,,,
fedavg,fedavg,434|504,434|504,2,504,data_2000_3_11_chordal,train_epoch,train,,11,4.0,0.15233168268203737,,,,,,,,2000,,,,,,,,,,,
fedavg,fedavg,434|504,434|504,2,504,data_2000_3_11_chordal,train_epoch,train,,11,5.0,0.16982647619210184,,,,,,,,2000,,,,,,,,,,,
fedavg,fedavg,434|504,434|504,2,504,data_2000_3_11_chordal,val_epoch,val,,11,,,0.14157763239741325,0.9627,0.8604999780654907,0.7973927213470939,0.8302132487297058,0.8302132487297058,0.8302132487297058,2000,,,,,,,,,,,
fedavg,fedavg,434|504,434|504,2,504,data_2000_3_11_chordal,val_epoch_task,val,cycle2,11,,,,,,,,,,2000,82.0,4.0,1914.0,0.0,0.9534883720930233,1.0,0.976190447807312,0.976190447807312,0.976190447807312,82.0,0.04100000113248825
fedavg,fedavg,434|504,434|504,2,504,data_2000_3_11_chordal,val_epoch_task,val,cycle3,11,,,,,,,,,,2000,126.0,25.0,1847.0,2.0,0.8344370860927153,0.984375,0.9032257199287415,0.9032257199287415,0.9032257199287415,128.0,0.06400000303983688
fedavg,fedavg,434|504,434|504,2,504,data_2000_3_11_chordal,val_epoch_task,val,cycle4,11,,,,,,,,,,2000,157.0,95.0,1748.0,0.0,0.623015873015873,1.0,0.7677261829376221,0.7677261829376221,0.7677261829376221,157.0,0.07850000262260437
fedavg,fedavg,434|504,434|504,2,504,data_2000_3_11_chordal,val_epoch_task,val,cycle5,11,,,,,,,,,,2000,187.0,92.0,1721.0,0.0,0.6702508960573477,1.0,0.8025751113891602,0.8025751113891602,0.8025751113891602,187.0,0.09350000321865082
fedavg,fedavg,434|504,434|504,2,504,data_2000_3_11_chordal,val_epoch_task,val,cycle6,11,,,,,,,,,,2000,182.0,154.0,1663.0,1.0,0.5416666666666666,0.994535519125683,0.7013487815856934,0.7013487815856934,0.7013487815856934,183.0,0.09149999916553497
fedavg,fedavg,434|504,434|504,2,434,data_4000_5_2.0_chordal,global_val_client,val,,11,,,0.15020855528116225,0.9381,0.7592499852180481,0.930799329234209,0.9207973480224609,0.9207973480224609,0.9207973480224609,4000,,,,,,,,,,,
fedavg,fedavg,434|504,434|504,2,434,data_4000_5_2.0_chordal,global_val_client_task,val,cycle2,11,,,,,,,,,,4000,1986.0,13.0,2001.0,0.0,0.9934967483741871,1.0,0.9967377781867981,0.9967377781867981,0.9967377781867981,1986.0,0.4964999854564667
fedavg,fedavg,434|504,434|504,2,434,data_4000_5_2.0_chordal,global_val_client_task,val,cycle3,11,,,,,,,,,,4000,1987.0,23.0,1990.0,0.0,0.9885572139303482,1.0,0.994245707988739,0.994245707988739,0.994245707988739,1987.0,0.49674999713897705
fedavg,fedavg,434|504,434|504,2,434,data_4000_5_2.0_chordal,global_val_client_task,val,cycle4,11,,,,,,,,,,4000,1755.0,166.0,2071.0,8.0,0.9135866736074961,0.9954622802041974,0.9527687430381775,0.9527687430381775,0.9527687430381775,1763.0,0.44075000286102295
fedavg,fedavg,434|504,434|504,2,434,data_4000_5_2.0_chordal,global_val_client_task,val,cycle5,11,,,,,,,,,,4000,1499.0,384.0,2091.0,26.0,0.7960701009028146,0.9829508196721312,0.8796948194503784,0.8796948194503784,0.8796948194503784,1525.0,0.3812499940395355
fedavg,fedavg,434|504,434|504,2,434,data_4000_5_2.0_chordal,global_val_client_task,val,cycle6,11,,,,,,,,,,4000,1099.0,578.0,2283.0,40.0,0.6553369111508647,0.9648814749780509,0.7805397510528564,0.7805397510528564,0.7805397510528564,1139.0,0.2847500145435333
fedavg,fedavg,434|504,434|504,2,504,data_2000_3_11_chordal,global_val_client,val,,11,,,0.18216662174463272,0.9763,0.9070000052452087,0.8566243194192378,0.8677617311477661,0.8677617311477661,0.8677617311477661,2000,,,,,,,,,,,
fedavg,fedavg,434|504,434|504,2,504,data_2000_3_11_chordal,global_val_client_task,val,cycle2,11,,,,,,,,,,2000,82.0,13.0,1905.0,0.0,0.8631578947368421,1.0,0.9265536665916443,0.9265536665916443,0.9265536665916443,82.0,0.04100000113248825
fedavg,fedavg,434|504,434|504,2,504,data_2000_3_11_chordal,global_val_client_task,val,cycle3,11,,,,,,,,,,2000,128.0,32.0,1840.0,0.0,0.8,1.0,0.888888955116272,0.888888955116272,0.888888955116272,128.0,0.06400000303983688
fedavg,fedavg,434|504,434|504,2,504,data_2000_3_11_chordal,global_val_client_task,val,cycle4,11,,,,,,,,,,2000,154.0,37.0,1806.0,3.0,0.806282722513089,0.9808917197452229,0.8850574493408203,0.8850574493408203,0.8850574493408203,157.0,0.07850000262260437
fedavg,fedavg,434|504,434|504,2,504,data_2000_3_11_chordal,global_val_client_task,val,cycle5,11,,,,,,,,,,2000,181.0,51.0,1762.0,6.0,0.7801724137931034,0.9679144385026738,0.8639618158340454,0.8639618158340454,0.8639618158340454,187.0,0.09350000321865082
fedavg,fedavg,434|504,434|504,2,504,data_2000_3_11_chordal,global_val_client_task,val,cycle6,11,,,,,,,,,,2000,163.0,75.0,1742.0,20.0,0.6848739495798319,0.8907103825136612,0.7743468284606934,0.7743468284606934,0.7743468284606934,183.0,0.09149999916553497
fedavg,fedavg,434|504,434|504,2,all,all,global_val_mean,val,,11,,,0.16086124410231908,0.9508333333333333,0.8084999918937683,0.9060743259625519,0.9031188090642294,0.9031188090642294,0.9031188090642294,6000,,,,,,,,,,,
fedavg,fedavg,434|504,434|504,2,434,data_4000_5_2.0_chordal,train_epoch,train,,12,1.0,0.11456019452214242,,,,,,,,4000,,,,,,,,,,,
fedavg,fedavg,434|504,434|504,2,434,data_4000_5_2.0_chordal,train_epoch,train,,12,2.0,0.11420328330993652,,,,,,,,4000,,,,,,,,,,,
fedavg,fedavg,434|504,434|504,2,434,data_4000_5_2.0_chordal,train_epoch,train,,12,3.0,0.11836009532213211,,,,,,,,4000,,,,,,,,,,,
fedavg,fedavg,434|504,434|504,2,434,data_4000_5_2.0_chordal,train_epoch,train,,12,4.0,0.10695000332593918,,,,,,,,4000,,,,,,,,,,,
fedavg,fedavg,434|504,434|504,2,434,data_4000_5_2.0_chordal,train_epoch,train,,12,5.0,0.11034519845247269,,,,,,,,4000,,,,,,,,,,,
fedavg,fedavg,434|504,434|504,2,434,data_4000_5_2.0_chordal,val_epoch,val,,12,,,0.1326134014725685,0.96295,0.8462499976158142,0.9554714259960339,0.9431217908859253,0.9431217908859253,0.9431217908859253,4000,,,,,,,,,,,
fedavg,fedavg,434|504,434|504,2,434,data_4000_5_2.0_chordal,val_epoch_task,val,cycle2,12,,,,,,,,,,4000,1986.0,10.0,2004.0,0.0,0.9949899799599199,1.0,0.9974886775016785,0.9974886775016785,0.9974886775016785,1986.0,0.4964999854564667
fedavg,fedavg,434|504,434|504,2,434,data_4000_5_2.0_chordal,val_epoch_task,val,cycle3,12,,,,,,,,,,4000,1987.0,29.0,1984.0,0.0,0.9856150793650794,1.0,0.9927554726600647,0.9927554726600647,0.9927554726600647,1987.0,0.49674999713897705
fedavg,fedavg,434|504,434|504,2,434,data_4000_5_2.0_chordal,val_epoch_task,val,cycle4,12,,,,,,,,,,4000,1720.0,26.0,2211.0,43.0,0.9851088201603666,0.975609756097561,0.9803361892700195,0.9803361892700195,0.9803361892700195,1763.0,0.44075000286102295
fedavg,fedavg,434|504,434|504,2,434,data_4000_5_2.0_chordal,val_epoch_task,val,cycle5,12,,,,,,,,,,4000,1316.0,57.0,2418.0,209.0,0.9584850691915513,0.8629508196721312,0.9082124829292297,0.9082124829292297,0.9082124829292297,1525.0,0.3812499940395355
fedavg,fedavg,434|504,434|504,2,434,data_4000_5_2.0_chordal,val_epoch_task,val,cycle6,12,,,,,,,,,,4000,941.0,169.0,2692.0,198.0,0.8477477477477477,0.8261633011413521,0.8368163108825684,0.8368163108825684,0.8368163108825684,1139.0,0.2847500145435333
fedavg,fedavg,434|504,434|504,2,504,data_2000_3_11_chordal,train_epoch,train,,12,1.0,0.17182481694221496,,,,,,,,2000,,,,,,,,,,,
fedavg,fedavg,434|504,434|504,2,504,data_2000_3_11_chordal,train_epoch,train,,12,2.0,0.12919152992963792,,,,,,,,2000,,,,,,,,,,,
fedavg,fedavg,434|504,434|504,2,504,data_2000_3_11_chordal,train_epoch,train,,12,3.0,0.15374410127848387,,,,,,,,2000,,,,,,,,,,,
fedavg,fedavg,434|504,434|504,2,504,data_2000_3_11_chordal,train_epoch,train,,12,4.0,0.13548538708686828,,,,,,,,2000,,,,,,,,,,,
fedavg,fedavg,434|504,434|504,2,504,data_2000_3_11_chordal,train_epoch,train,,12,5.0,0.15733182433992624,,,,,,,,2000,,,,,,,,,,,
fedavg,fedavg,434|504,434|504,2,504,data_2000_3_11_chordal,val_epoch,val,,12,,,0.20346667429804802,0.9582,0.8299999833106995,0.7755102040816326,0.8255278468132019,0.8255278468132019,0.8255278468132019,2000,,,,,,,,,,,
fedavg,fedavg,434|504,434|504,2,504,data_2000_3_11_chordal,val_epoch_task,val,cycle2,12,,,,,,,,,,2000,82.0,7.0,1911.0,0.0,0.9213483146067416,1.0,0.9590643644332886,0.9590643644332886,0.9590643644332886,82.0,0.04100000113248825
fedavg,fedavg,434|504,434|504,2,504,data_2000_3_11_chordal,val_epoch_task,val,cycle3,12,,,,,,,,,,2000,127.0,27.0,1845.0,1.0,0.8246753246753247,0.9921875,0.9007092118263245,0.9007092118263245,0.9007092118263245,128.0,0.06400000303983688
fedavg,fedavg,434|504,434|504,2,504,data_2000_3_11_chordal,val_epoch_task,val,cycle4,12,,,,,,,,,,2000,154.0,38.0,1805.0,3.0,0.8020833333333334,0.9808917197452229,0.8825215101242065,0.8825215101242065,0.8825215101242065,157.0,0.07850000262260437
fedavg,fedavg,434|504,434|504,2,504,data_2000_3_11_chordal,val_epoch_task,val,cycle5,12,,,,,,,,,,2000,178.0,84.0,1729.0,9.0,0.6793893129770993,0.9518716577540107,0.7928730249404907,0.7928730249404907,0.7928730249404907,187.0,0.09350000321865082
fedavg,fedavg,434|504,434|504,2,504,data_2000_3_11_chordal,val_epoch_task,val,cycle6,12,,,,,,,,,,2000,181.0,247.0,1570.0,2.0,0.42289719626168226,0.9890710382513661,0.5924713611602783,0.5924713611602783,0.5924713611602783,183.0,0.09149999916553497
fedavg,fedavg,434|504,434|504,2,434,data_4000_5_2.0_chordal,global_val_client,val,,12,,,0.12738193047046661,0.94885,0.7932500243186951,0.9419376809126511,0.9321894645690918,0.9321894645690918,0.9321894645690918,4000,,,,,,,,,,,
fedavg,fedavg,434|504,434|504,2,434,data_4000_5_2.0_chordal,global_val_client_task,val,cycle2,12,,,,,,,,,,4000,1986.0,13.0,2001.0,0.0,0.9934967483741871,1.0,0.9967377781867981,0.9967377781867981,0.9967377781867981,1986.0,0.4964999854564667
fedavg,fedavg,434|504,434|504,2,434,data_4000_5_2.0_chordal,global_val_client_task,val,cycle3,12,,,,,,,,,,4000,1987.0,37.0,1976.0,0.0,0.9817193675889329,1.0,0.9907753467559814,0.9907753467559814,0.9907753467559814,1987.0,0.49674999713897705
fedavg,fedavg,434|504,434|504,2,434,data_4000_5_2.0_chordal,global_val_client_task,val,cycle4,12,,,,,,,,,,4000,1748.0,115.0,2122.0,15.0,0.9382716049382716,0.9914917753828701,0.9641478061676025,0.9641478061676025,0.9641478061676025,1763.0,0.44075000286102295
fedavg,fedavg,434|504,434|504,2,434,data_4000_5_2.0_chordal,global_val_client_task,val,cycle5,12,,,,,,,,,,4000,1483.0,256.0,2219.0,42.0,0.8527889591719379,0.9724590163934427,0.9087009429931641,0.9087009429931641,0.9087009429931641,1525.0,0.3812499940395355
fedavg,fedavg,434|504,434|504,2,434,data_4000_5_2.0_chordal,global_val_client_task,val,cycle6,12,,,,,,,,,,4000,1094.0,500.0,2361.0,45.0,0.6863237139272271,0.9604916593503073,0.8005854487419128,0.8005854487419128,0.8005854487419128,1139.0,0.2847500145435333
fedavg,fedavg,434|504,434|504,2,504,data_2000_3_11_chordal,global_val_client,val,,12,,,0.20911794155836105,0.9805,0.9204999804496765,0.877742946708464,0.8879682421684265,0.8879682421684265,0.8879682421684265,2000,,,,,,,,,,,
fedavg,fedavg,434|504,434|504,2,504,data_2000_3_11_chordal,global_val_client_task,val,cycle2,12,,,,,,,,,,2000,82.0,12.0,1906.0,0.0,0.8723404255319149,1.0,0.9318181872367859,0.9318181872367859,0.9318181872367859,82.0,0.04100000113248825
fedavg,fedavg,434|504,434|504,2,504,data_2000_3_11_chordal,global_val_client_task,val,cycle3,12,,,,,,,,,,2000,128.0,25.0,1847.0,0.0,0.8366013071895425,1.0,0.9110320806503296,0.9110320806503296,0.9110320806503296,128.0,0.06400000303983688
fedavg,fedavg,434|504,434|504,2,504,data_2000_3_11_chordal,global_val_client_task,val,cycle4,12,,,,,,,,,,2000,154.0,22.0,1821.0,3.0,0.875,0.9808917197452229,0.924924910068512,0.924924910068512,0.924924910068512,157.0,0.07850000262260437
fedavg,fedavg,434|504,434|504,2,504,data_2000_3_11_chordal,global_val_client_task,val,cycle5,12,,,,,,,,,,2000,172.0,32.0,1781.0,15.0,0.8431372549019608,0.9197860962566845,0.8797954320907593,0.8797954320907593,0.8797954320907593,187.0,0.09350000321865082
fedavg,fedavg,434|504,434|504,2,504,data_2000_3_11_chordal,global_val_client_task,val,cycle6,12,,,,,,,,,,2000,164.0,67.0,1750.0,19.0,0.70995670995671,0.8961748633879781,0.7922705411911011,0.7922705411911011,0.7922705411911011,183.0,0.09149999916553497
fedavg,fedavg,434|504,434|504,2,all,all,global_val_mean,val,,12,,,0.15462726749976477,0.9593999999999999,0.8356666763623556,0.920539436177922,0.9174490571022034,0.9174490571022034,0.9174490571022034,6000,,,,,,,,,,,
fedavg,fedavg,434|504,434|504,2,434,data_4000_5_2.0_chordal,train_epoch,train,,13,1.0,0.11377253484725952,,,,,,,,4000,,,,,,,,,,,
fedavg,fedavg,434|504,434|504,2,434,data_4000_5_2.0_chordal,train_epoch,train,,13,2.0,0.12034577041864396,,,,,,,,4000,,,,,,,,,,,
fedavg,fedavg,434|504,434|504,2,434,data_4000_5_2.0_chordal,train_epoch,train,,13,3.0,0.1109708811044693,,,,,,,,4000,,,,,,,,,,,
fedavg,fedavg,434|504,434|504,2,434,data_4000_5_2.0_chordal,train_epoch,train,,13,4.0,0.11682030498981476,,,,,,,,4000,,,,,,,,,,,
fedavg,fedavg,434|504,434|504,2,434,data_4000_5_2.0_chordal,train_epoch,train,,13,5.0,0.10197929546236992,,,,,,,,4000,,,,,,,,,,,
fedavg,fedavg,434|504,434|504,2,434,data_4000_5_2.0_chordal,val_epoch,val,,13,,,0.12952177703380585,0.9635,0.8500000238418579,0.9560240963855421,0.9442208409309387,0.9442208409309387,0.9442208409309387,4000,,,,,,,,,,,
fedavg,fedavg,434|504,434|504,2,434,data_4000_5_2.0_chordal,val_epoch_task,val,cycle2,13,,,,,,,,,,4000,1982.0,9.0,2005.0,4.0,0.9954796584630838,0.9979859013091642,0.9967312216758728,0.9967312216758728,0.9967312216758728,1986.0,0.4964999854564667
fedavg,fedavg,434|504,434|504,2,434,data_4000_5_2.0_chordal,val_epoch_task,val,cycle3,13,,,,,,,,,,4000,1969.0,21.0,1992.0,18.0,0.9894472361809046,0.9909411172622044,0.9901936054229736,0.9901936054229736,0.9901936054229736,1987.0,0.49674999713897705
fedavg,fedavg,434|504,434|504,2,434,data_4000_5_2.0_chordal,val_epoch_task,val,cycle4,13,,,,,,,,,,4000,1679.0,23.0,2214.0,84.0,0.9864864864864865,0.9523539421440727,0.9691197872161865,0.9691197872161865,0.9691197872161865,1763.0,0.44075000286102295
fedavg,fedavg,434|504,434|504,2,434,data_4000_5_2.0_chordal,val_epoch_task,val,cycle5,13,,,,,,,,,,4000,1382.0,55.0,2420.0,143.0,0.9617258176757133,0.9062295081967213,0.9331532716751099,0.9331532716751099,0.9331532716751099,1525.0,0.3812499940395355
fedavg,fedavg,434|504,434|504,2,434,data_4000_5_2.0_chordal,val_epoch_task,val,cycle6,13,,,,,,,,,,4000,923.0,157.0,2704.0,216.0,0.8546296296296296,0.810359964881475,0.831906259059906,0.831906259059906,0.831906259059906,1139.0,0.2847500145435333
fedavg,fedavg,434|504,434|504,2,504,data_2000_3_11_chordal,train_epoch,train,,13,1.0,0.14400715596973895,,,,,,,,2000,,,,,,,,,,,
fedavg,fedavg,434|504,434|504,2,504,data_2000_3_11_chordal,train_epoch,train,,13,2.0,0.15060213565826416,,,,,,,,2000,,,,,,,,,,,
fedavg,fedavg,434|504,434|504,2,504,data_2000_3_11_chordal,train_epoch,train,,13,3.0,0.15022882294654846,,,,,,,,2000,,,,,,,,,,,
fedavg,fedavg,434|504,434|504,2,504,data_2000_3_11_chordal,train_epoch,train,,13,4.0,0.17380127806589007,,,,,,,,2000,,,,,,,,,,,
fedavg,fedavg,434|504,434|504,2,504,data_2000_3_11_chordal,train_epoch,train,,13,5.0,0.13169492584466935,,,,,,,,2000,,,,,,,,,,,
fedavg,fedavg,434|504,434|504,2,504,data_2000_3_11_chordal,val_epoch,val,,13,,,0.16379605735838412,0.9705,0.8939999938011169,0.829578278451762,0.8530203104019165,0.8530203104019165,0.8530203104019165,2000,,,,,,,,,,,
fedavg,fedavg,434|504,434|504,2,504,data_2000_3_11_chordal,val_epoch_task,val,cycle2,13,,,,,,,,,,2000,82.0,12.0,1906.0,0.0,0.8723404255319149,1.0,0.9318181872367859,0.9318181872367859,0.9318181872367859,82.0,0.04100000113248825
fedavg,fedavg,434|504,434|504,2,504,data_2000_3_11_chordal,val_epoch_task,val,cycle3,13,,,,,,,,,,2000,126.0,14.0,1858.0,2.0,0.9,0.984375,0.9402984976768494,0.9402984976768494,0.9402984976768494,128.0,0.06400000303983688
fedavg,fedavg,434|504,434|504,2,504,data_2000_3_11_chordal,val_epoch_task,val,cycle4,13,,,,,,,,,,2000,155.0,53.0,1790.0,2.0,0.7451923076923077,0.9872611464968153,0.8493150472640991,0.8493150472640991,0.8493150472640991,157.0,0.07850000262260437
fedavg,fedavg,434|504,434|504,2,504,data_2000_3_11_chordal,val_epoch_task,val,cycle5,13,,,,,,,,,,2000,181.0,75.0,1738.0,6.0,0.70703125,0.9679144385026738,0.8171557784080505,0.8171557784080505,0.8171557784080505,187.0,0.09350000321865082
fedavg,fedavg,434|504,434|504,2,504,data_2000_3_11_chordal,val_epoch_task,val,cycle6,13,,,,,,,,,,2000,174.0,122.0,1695.0,9.0,0.5878378378378378,0.9508196721311475,0.7265136241912842,0.7265136241912842,0.7265136241912842,183.0,0.09149999916553497
fedavg,fedavg,434|504,434|504,2,434,data_4000_5_2.0_chordal,global_val_client,val,,13,,,0.1263303438425064,0.94945,0.7952499985694885,0.9426643225769863,0.9327379465103149,0.9327379465103149,0.9327379465103149,4000,,,,,,,,,,,
fedavg,fedavg,434|504,434|504,2,434,data_4000_5_2.0_chordal,global_val_client_task,val,cycle2,13,,,,,,,,,,4000,1986.0,18.0,1996.0,0.0,0.9910179640718563,1.0,0.995488703250885,0.995488703250885,0.995488703250885,1986.0,0.4964999854564667
fedavg,fedavg,434|504,434|504,2,434,data_4000_5_2.0_chordal,global_val_client_task,val,cycle3,13,,,,,,,,,,4000,1986.0,19.0,1994.0,1.0,0.9905236907730673,0.9994967287367891,0.9949899911880493,0.9949899911880493,0.9949899911880493,1987.0,0.49674999713897705
fedavg,fedavg,434|504,434|504,2,434,data_4000_5_2.0_chordal,global_val_client_task,val,cycle4,13,,,,,,,,,,4000,1750.0,89.0,2148.0,13.0,0.9516041326808048,0.9926262053318208,0.9716823697090149,0.9716823697090149,0.9716823697090149,1763.0,0.44075000286102295
fedavg,fedavg,434|504,434|504,2,434,data_4000_5_2.0_chordal,global_val_client_task,val,cycle5,13,,,,,,,,,,4000,1502.0,297.0,2178.0,23.0,0.8349082823790995,0.9849180327868853,0.9037305116653442,0.9037305116653442,0.9037305116653442,1525.0,0.3812499940395355
fedavg,fedavg,434|504,434|504,2,434,data_4000_5_2.0_chordal,global_val_client_task,val,cycle6,13,,,,,,,,,,4000,1087.0,499.0,2362.0,52.0,0.6853720050441362,0.9543459174714662,0.797798216342926,0.797798216342926,0.797798216342926,1139.0,0.2847500145435333
fedavg,fedavg,434|504,434|504,2,504,data_2000_3_11_chordal,global_val_client,val,,13,,,0.20356456384062768,0.978,0.9150000214576721,0.8645320197044335,0.8800158500671387,0.8800158500671387,0.8800158500671387,2000,,,,,,,,,,,
fedavg,fedavg,434|504,434|504,2,504,data_2000_3_11_chordal,global_val_client_task,val,cycle2,13,,,,,,,,,,2000,82.0,10.0,1908.0,0.0,0.8913043478260869,1.0,0.9425287246704102,0.9425287246704102,0.9425287246704102,82.0,0.04100000113248825
fedavg,fedavg,434|504,434|504,2,504,data_2000_3_11_chordal,global_val_client_task,val,cycle3,13,,,,,,,,,,2000,128.0,15.0,1857.0,0.0,0.8951048951048951,1.0,0.9446494579315186,0.9446494579315186,0.9446494579315186,128.0,0.06400000303983688
fedavg,fedavg,434|504,434|504,2,504,data_2000_3_11_chordal,global_val_client_task,val,cycle4,13,,,,,,,,,,2000,153.0,34.0,1809.0,4.0,0.8181818181818182,0.9745222929936306,0.8895348906517029,0.8895348906517029,0.8895348906517029,157.0,0.07850000262260437
fedavg,fedavg,434|504,434|504,2,504,data_2000_3_11_chordal,global_val_client_task,val,cycle5,13,,,,,,,,,,2000,177.0,58.0,1755.0,10.0,0.7531914893617021,0.946524064171123,0.8388625383377075,0.8388625383377075,0.8388625383377075,187.0,0.09350000321865082
fedavg,fedavg,434|504,434|504,2,504,data_2000_3_11_chordal,global_val_client_task,val,cycle6,13,,,,,,,,,,2000,162.0,68.0,1749.0,21.0,0.7043478260869566,0.8852459016393442,0.7845036387443542,0.7845036387443542,0.7845036387443542,183.0,0.09149999916553497
fedavg,fedavg,434|504,434|504,2,all,all,global_val_mean,val,,13,,,0.15207508384188015,0.9589666666666667,0.8351666728655497,0.9166202216194687,0.9151639143625895,0.9151639143625895,0.9151639143625895,6000,,,,,,,,,,,
fedavg,fedavg,434|504,434|504,2,434,data_4000_5_2.0_chordal,train_epoch,train,,14,1.0,0.10812656086683273,,,,,,,,4000,,,,,,,,,,,
fedavg,fedavg,434|504,434|504,2,434,data_4000_5_2.0_chordal,train_epoch,train,,14,2.0,0.10635227137804032,,,,,,,,4000,,,,,,,,,,,
fedavg,fedavg,434|504,434|504,2,434,data_4000_5_2.0_chordal,train_epoch,train,,14,3.0,0.10548297789692879,,,,,,,,4000,,,,,,,,,,,
fedavg,fedavg,434|504,434|504,2,434,data_4000_5_2.0_chordal,train_epoch,train,,14,4.0,0.10486602622270584,,,,,,,,4000,,,,,,,,,,,
fedavg,fedavg,434|504,434|504,2,434,data_4000_5_2.0_chordal,train_epoch,train,,14,5.0,0.10813089695572853,,,,,,,,4000,,,,,,,,,,,
fedavg,fedavg,434|504,434|504,2,434,data_4000_5_2.0_chordal,val_epoch,val,,14,,,0.11962448853254318,0.96145,0.8377500176429749,0.9546390539506973,0.9433086514472961,0.9433086514472961,0.9433086514472961,4000,,,,,,,,,,,
fedavg,fedavg,434|504,434|504,2,434,data_4000_5_2.0_chordal,val_epoch_task,val,cycle2,14,,,,,,,,,,4000,1985.0,10.0,2004.0,1.0,0.9949874686716792,0.999496475327291,0.9972368478775024,0.9972368478775024,0.9972368478775024,1986.0,0.4964999854564667
fedavg,fedavg,434|504,434|504,2,434,data_4000_5_2.0_chordal,val_epoch_task,val,cycle3,14,,,,,,,,,,4000,1983.0,25.0,1988.0,4.0,0.9875498007968128,0.9979869149471565,0.9927408695220947,0.9927408695220947,0.9927408695220947,1987.0,0.49674999713897705
fedavg,fedavg,434|504,434|504,2,434,data_4000_5_2.0_chordal,val_epoch_task,val,cycle4,14,,,,,,,,,,4000,1739.0,67.0,2170.0,24.0,0.9629014396456257,0.9863868406125922,0.9745026230812073,0.9745026230812073,0.9745026230812073,1763.0,0.44075000286102295
fedavg,fedavg,434|504,434|504,2,434,data_4000_5_2.0_chordal,val_epoch_task,val,cycle5,14,,,,,,,,,,4000,1421.0,107.0,2368.0,104.0,0.9299738219895288,0.9318032786885246,0.9308876991271973,0.9308876991271973,0.9308876991271973,1525.0,0.3812499940395355
fedavg,fedavg,434|504,434|504,2,434,data_4000_5_2.0_chordal,val_epoch_task,val,cycle6,14,,,,,,,,,,4000,985.0,275.0,2586.0,154.0,0.7817460317460317,0.8647936786654961,0.8211754560470581,0.8211754560470581,0.8211754560470581,1139.0,0.2847500145435333
fedavg,fedavg,434|504,434|504,2,504,data_2000_3_11_chordal,train_epoch,train,,14,1.0,0.15654649126529693,,,,,,,,2000,,,,,,,,,,,
fedavg,fedavg,434|504,434|504,2,504,data_2000_3_11_chordal,train_epoch,train,,14,2.0,0.1556738069728017,,,,,,,,2000,,,,,,,,,,,
fedavg,fedavg,434|504,434|504,2,504,data_2000_3_11_chordal,train_epoch,train,,14,3.0,0.14632835435867309,,,,,,,,2000,,,,,,,,,,,
fedavg,fedavg,434|504,434|504,2,504,data_2000_3_11_chordal,train_epoch,train,,14,4.0,0.1115190014988184,,,,,,,,2000,,,,,,,,,,,
fedavg,fedavg,434|504,434|504,2,504,data_2000_3_11_chordal,train_epoch,train,,14,5.0,0.11840781020716531,,,,,,,,2000,,,,,,,,,,,
fedavg,fedavg,434|504,434|504,2,504,data_2000_3_11_chordal,val_epoch,val,,14,,,0.20179357674717904,0.9591,0.8450000286102295,0.7785598267460747,0.8040781021118164,0.8040781021118164,0.8040781021118164,2000,,,,,,,,,,,
fedavg,fedavg,434|504,434|504,2,504,data_2000_3_11_chordal,val_epoch_task,val,cycle2,14,,,,,,,,,,2000,82.0,24.0,1894.0,0.0,0.7735849056603774,1.0,0.8723404407501221,0.8723404407501221,0.8723404407501221,82.0,0.04100000113248825
fedavg,fedavg,434|504,434|504,2,504,data_2000_3_11_chordal,val_epoch_task,val,cycle3,14,,,,,,,,,,2000,126.0,22.0,1850.0,2.0,0.8513513513513513,0.984375,0.9130434989929199,0.9130434989929199,0.9130434989929199,128.0,0.06400000303983688
fedavg,fedavg,434|504,434|504,2,504,data_2000_3_11_chordal,val_epoch_task,val,cycle4,14,,,,,,,,,,2000,154.0,77.0,1766.0,3.0,0.6666666666666666,0.9808917197452229,0.7938143610954285,0.7938143610954285,0.7938143610954285,157.0,0.07850000262260437
fedavg,fedavg,434|504,434|504,2,504,data_2000_3_11_chordal,val_epoch_task,val,cycle5,14,,,,,,,,,,2000,183.0,101.0,1712.0,4.0,0.6443661971830986,0.9786096256684492,0.7770701050758362,0.7770701050758362,0.7770701050758362,187.0,0.09350000321865082
fedavg,fedavg,434|504,434|504,2,504,data_2000_3_11_chordal,val_epoch_task,val,cycle6,14,,,,,,,,,,2000,174.0,167.0,1650.0,9.0,0.5102639296187683,0.9508196721311475,0.6641221046447754,0.6641221046447754,0.6641221046447754,183.0,0.09149999916553497
fedavg,fedavg,434|504,434|504,2,434,data_4000_5_2.0_chordal,global_val_client,val,,14,,,0.1475847026705742,0.94205,0.7689999938011169,0.9348400517231686,0.9249717593193054,0.9249717593193054,0.9249717593193054,4000,,,,,,,,,,,
fedavg,fedavg,434|504,434|504,2,434,data_4000_5_2.0_chordal,global_val_client_task,val,cycle2,14,,,,,,,,,,4000,1986.0,19.0,1995.0,0.0,0.9905236907730673,1.0,0.9952393174171448,0.9952393174171448,0.9952393174171448,1986.0,0.4964999854564667
fedavg,fedavg,434|504,434|504,2,434,data_4000_5_2.0_chordal,global_val_client_task,val,cycle3,14,,,,,,,,,,4000,1985.0,24.0,1989.0,2.0,0.9880537580886013,0.9989934574735783,0.9934934973716736,0.9934934973716736,0.9934934973716736,1987.0,0.49674999713897705
fedavg,fedavg,434|504,434|504,2,434,data_4000_5_2.0_chordal,global_val_client_task,val,cycle4,14,,,,,,,,,,4000,1746.0,132.0,2105.0,17.0,0.9297124600638977,0.9903573454339194,0.9590771794319153,0.9590771794319153,0.9590771794319153,1763.0,0.44075000286102295
fedavg,fedavg,434|504,434|504,2,434,data_4000_5_2.0_chordal,global_val_client_task,val,cycle5,14,,,,,,,,,,4000,1494.0,282.0,2193.0,31.0,0.8412162162162162,0.979672131147541,0.9051802754402161,0.9051802754402161,0.9051802754402161,1525.0,0.3812499940395355
fedavg,fedavg,434|504,434|504,2,434,data_4000_5_2.0_chordal,global_val_client_task,val,cycle6,14,,,,,,,,,,4000,1103.0,616.0,2245.0,36.0,0.641652123327516,0.9683933274802459,0.7718684673309326,0.7718684673309326,0.7718684673309326,1139.0,0.2847500145435333
fedavg,fedavg,434|504,434|504,2,504,data_2000_3_11_chordal,global_val_client,val,,14,,,0.1440660501420498,0.9779,0.9114999771118164,0.8672672672672673,0.8840659856796265,0.8840659856796265,0.8840659856796265,2000,,,,,,,,,,,
fedavg,fedavg,434|504,434|504,2,504,data_2000_3_11_chordal,global_val_client_task,val,cycle2,14,,,,,,,,,,2000,82.0,7.0,1911.0,0.0,0.9213483146067416,1.0,0.9590643644332886,0.9590643644332886,0.9590643644332886,82.0,0.04100000113248825
fedavg,fedavg,434|504,434|504,2,504,data_2000_3_11_chordal,global_val_client_task,val,cycle3,14,,,,,,,,,,2000,128.0,15.0,1857.0,0.0,0.8951048951048951,1.0,0.9446494579315186,0.9446494579315186,0.9446494579315186,128.0,0.06400000303983688
fedavg,fedavg,434|504,434|504,2,504,data_2000_3_11_chordal,global_val_client_task,val,cycle4,14,,,,,,,,,,2000,154.0,46.0,1797.0,3.0,0.77,0.9808917197452229,0.8627450466156006,0.8627450466156006,0.8627450466156006,157.0,0.07850000262260437
fedavg,fedavg,434|504,434|504,2,504,data_2000_3_11_chordal,global_val_client_task,val,cycle5,14,,,,,,,,,,2000,185.0,59.0,1754.0,2.0,0.7581967213114754,0.9893048128342246,0.8584686517715454,0.8584686517715454,0.8584686517715454,187.0,0.09350000321865082
fedavg,fedavg,434|504,434|504,2,504,data_2000_3_11_chordal,global_val_client_task,val,cycle6,14,,,,,,,,,,2000,173.0,79.0,1738.0,10.0,0.6865079365079365,0.9453551912568307,0.7954022884368896,0.7954022884368896,0.7954022884368896,183.0,0.09149999916553497
fedavg,fedavg,434|504,434|504,2,all,all,global_val_mean,val,,14,,,0.14641181849439938,0.954,0.8164999882380167,0.9123157902378681,0.9113365014394125,0.9113365014394125,0.9113365014394125,6000,,,,,,,,,,,
fedavg,fedavg,434|504,434|504,2,434,data_4000_5_2.0_chordal,train_epoch,train,,15,1.0,0.11122769695520401,,,,,,,,4000,,,,,,,,,,,
fedavg,fedavg,434|504,434|504,2,434,data_4000_5_2.0_chordal,train_epoch,train,,15,2.0,0.10041665208339691,,,,,,,,4000,,,,,,,,,,,
fedavg,fedavg,434|504,434|504,2,434,data_4000_5_2.0_chordal,train_epoch,train,,15,3.0,0.09996953135728837,,,,,,,,4000,,,,,,,,,,,
fedavg,fedavg,434|504,434|504,2,434,data_4000_5_2.0_chordal,train_epoch,train,,15,4.0,0.09748739063739777,,,,,,,,4000,,,,,,,,,,,
fedavg,fedavg,434|504,434|504,2,434,data_4000_5_2.0_chordal,train_epoch,train,,15,5.0,0.10106427431106567,,,,,,,,4000,,,,,,,,,,,
fedavg,fedavg,434|504,434|504,2,434,data_4000_5_2.0_chordal,val_epoch,val,,15,,,0.11778777384757996,0.9638,0.8497499823570251,0.9569764677917756,0.944110095500946,0.944110095500946,0.944110095500946,4000,,,,,,,,,,,
fedavg,fedavg,434|504,434|504,2,434,data_4000_5_2.0_chordal,val_epoch_task,val,cycle2,15,,,,,,,,,,4000,1986.0,8.0,2006.0,0.0,0.995987963891675,1.0,0.9979899525642395,0.9979899525642395,0.9979899525642395,1986.0,0.4964999854564667
fedavg,fedavg,434|504,434|504,2,434,data_4000_5_2.0_chordal,val_epoch_task,val,cycle3,15,,,,,,,,,,4000,1985.0,23.0,1990.0,2.0,0.9885458167330677,0.9989934574735783,0.9937421679496765,0.9937421679496765,0.9937421679496765,1987.0,0.49674999713897705
fedavg,fedavg,434|504,434|504,2,434,data_4000_5_2.0_chordal,val_epoch_task,val,cycle4,15,,,,,,,,,,4000,1740.0,53.0,2184.0,23.0,0.9704406023424428,0.9869540555870675,0.9786277413368225,0.9786277413368225,0.9786277413368225,1763.0,0.44075000286102295
fedavg,fedavg,434|504,434|504,2,434,data_4000_5_2.0_chordal,val_epoch_task,val,cycle5,15,,,,,,,,,,4000,1435.0,135.0,2340.0,90.0,0.9140127388535032,0.940983606557377,0.9273021221160889,0.9273021221160889,0.9273021221160889,1525.0,0.3812499940395355
fedavg,fedavg,434|504,434|504,2,434,data_4000_5_2.0_chordal,val_epoch_task,val,cycle6,15,,,,,,,,,,4000,906.0,157.0,2704.0,233.0,0.852304797742239,0.7954345917471466,0.8228882551193237,0.8228882551193237,0.8228882551193237,1139.0,0.2847500145435333
fedavg,fedavg,434|504,434|504,2,504,data_2000_3_11_chordal,train_epoch,train,,15,1.0,0.16112156653404236,,,,,,,,2000,,,,,,,,,,,
fedavg,fedavg,434|504,434|504,2,504,data_2000_3_11_chordal,train_epoch,train,,15,2.0,0.15525451469421386,,,,,,,,2000,,,,,,,,,,,
fedavg,fedavg,434|504,434|504,2,504,data_2000_3_11_chordal,train_epoch,train,,15,3.0,0.1333197603104636,,,,,,,,2000,,,,,,,,,,,
fedavg,fedavg,434|504,434|504,2,504,data_2000_3_11_chordal,train_epoch,train,,15,4.0,0.12980927403271197,,,,,,,,2000,,,,,,,,,,,
fedavg,fedavg,434|504,434|504,2,504,data_2000_3_11_chordal,train_epoch,train,,15,5.0,0.14578117179870606,,,,,,,,2000,,,,,,,,,,,
fedavg,fedavg,434|504,434|504,2,504,data_2000_3_11_chordal,val_epoch,val,,15,,,0.1815564091205597,0.9633,0.8675000071525574,0.7971254836926479,0.8254245519638062,0.8254245519638062,0.8254245519638062,2000,,,,,,,,,,,
fedavg,fedavg,434|504,434|504,2,504,data_2000_3_11_chordal,val_epoch_task,val,cycle2,15,,,,,,,,,,2000,82.0,4.0,1914.0,0.0,0.9534883720930233,1.0,0.976190447807312,0.976190447807312,0.976190447807312,82.0,0.04100000113248825
fedavg,fedavg,434|504,434|504,2,504,data_2000_3_11_chordal,val_epoch_task,val,cycle3,15,,,,,,,,,,2000,127.0,43.0,1829.0,1.0,0.7470588235294118,0.9921875,0.8523489832878113,0.8523489832878113,0.8523489832878113,128.0,0.06400000303983688
fedavg,fedavg,434|504,434|504,2,504,data_2000_3_11_chordal,val_epoch_task,val,cycle4,15,,,,,,,,,,2000,157.0,72.0,1771.0,0.0,0.6855895196506551,1.0,0.8134714365005493,0.8134714365005493,0.8134714365005493,157.0,0.07850000262260437
fedavg,fedavg,434|504,434|504,2,504,data_2000_3_11_chordal,val_epoch_task,val,cycle5,15,,,,,,,,,,2000,182.0,131.0,1682.0,5.0,0.5814696485623003,0.9732620320855615,0.7280000448226929,0.7280000448226929,0.7280000448226929,187.0,0.09350000321865082
fedavg,fedavg,434|504,434|504,2,504,data_2000_3_11_chordal,val_epoch_task,val,cycle6,15,,,,,,,,,,2000,173.0,101.0,1716.0,10.0,0.6313868613138686,0.9453551912568307,0.7571116089820862,0.7571116089820862,0.7571116089820862,183.0,0.09149999916553497
fedavg,fedavg,434|504,434|504,2,434,data_4000_5_2.0_chordal,global_val_client,val,,15,,,0.13854373800754546,0.9455,0.7852500081062317,0.9384319927699954,0.928837776184082,0.928837776184082,0.928837776184082,4000,,,,,,,,,,,
fedavg,fedavg,434|504,434|504,2,434,data_4000_5_2.0_chordal,global_val_client_task,val,cycle2,15,,,,,,,,,,4000,1986.0,20.0,1994.0,0.0,0.9900299102691924,1.0,0.9949899911880493,0.9949899911880493,0.9949899911880493,1986.0,0.4964999854564667
fedavg,fedavg,434|504,434|504,2,434,data_4000_5_2.0_chordal,global_val_client_task,val,cycle3,15,,,,,,,,,,4000,1987.0,26.0,1987.0,0.0,0.9870839542970691,1.0,0.9935000538825989,0.9935000538825989,0.9935000538825989,1987.0,0.49674999713897705
fedavg,fedavg,434|504,434|504,2,434,data_4000_5_2.0_chordal,global_val_client_task,val,cycle4,15,,,,,,,,,,4000,1751.0,160.0,2077.0,12.0,0.9162742019884877,0.9931934203062961,0.9531844854354858,0.9531844854354858,0.9531844854354858,1763.0,0.44075000286102295
fedavg,fedavg,434|504,434|504,2,434,data_4000_5_2.0_chordal,global_val_client_task,val,cycle5,15,,,,,,,,,,4000,1515.0,392.0,2083.0,10.0,0.794441531200839,0.9934426229508196,0.882867157459259,0.882867157459259,0.882867157459259,1525.0,0.3812499940395355
fedavg,fedavg,434|504,434|504,2,434,data_4000_5_2.0_chordal,global_val_client_task,val,cycle6,15,,,,,,,,,,4000,1068.0,399.0,2462.0,71.0,0.7280163599182005,0.9376646180860404,0.819646954536438,0.819646954536438,0.819646954536438,1139.0,0.2847500145435333
fedavg,fedavg,434|504,434|504,2,504,data_2000_3_11_chordal,global_val_client,val,,15,,,0.16771383649110794,0.9809,0.921999990940094,0.8808484092326887,0.8958930969238281,0.8958930969238281,0.8958930969238281,2000,,,,,,,,,,,
fedavg,fedavg,434|504,434|504,2,504,data_2000_3_11_chordal,global_val_client_task,val,cycle2,15,,,,,,,,,,2000,82.0,7.0,1911.0,0.0,0.9213483146067416,1.0,0.9590643644332886,0.9590643644332886,0.9590643644332886,82.0,0.04100000113248825
fedavg,fedavg,434|504,434|504,2,504,data_2000_3_11_chordal,global_val_client_task,val,cycle3,15,,,,,,,,,,2000,128.0,13.0,1859.0,0.0,0.9078014184397163,1.0,0.9516728520393372,0.9516728520393372,0.9516728520393372,128.0,0.06400000303983688
fedavg,fedavg,434|504,434|504,2,504,data_2000_3_11_chordal,global_val_client_task,val,cycle4,15,,,,,,,,,,2000,156.0,29.0,1814.0,1.0,0.8432432432432433,0.9936305732484076,0.9122807383537292,0.9122807383537292,0.9122807383537292,157.0,0.07850000262260437
fedavg,fedavg,434|504,434|504,2,504,data_2000_3_11_chordal,global_val_client_task,val,cycle5,15,,,,,,,,,,2000,176.0,48.0,1765.0,11.0,0.7857142857142857,0.9411764705882353,0.856447696685791,0.856447696685791,0.856447696685791,187.0,0.09350000321865082
fedavg,fedavg,434|504,434|504,2,504,data_2000_3_11_chordal,global_val_client_task,val,cycle6,15,,,,,,,,,,2000,164.0,63.0,1754.0,19.0,0.7224669603524229,0.8961748633879781,0.7999999523162842,0.7999999523162842,0.7999999523162842,183.0,0.09149999916553497
fedavg,fedavg,434|504,434|504,2,all,all,global_val_mean,val,,15,,,0.14826710416873295,0.9573,0.8308333357175192,0.9192374649242265,0.9178562164306641,0.9178562164306641,0.9178562164306641,6000,,,,,,,,,,,
fedavg,fedavg,434|504,434|504,2,434,data_4000_5_2.0_chordal,train_epoch,train,,16,1.0,0.10559627333283425,,,,,,,,4000,,,,,,,,,,,
fedavg,fedavg,434|504,434|504,2,434,data_4000_5_2.0_chordal,train_epoch,train,,16,2.0,0.10098290395736695,,,,,,,,4000,,,,,,,,,,,
fedavg,fedavg,434|504,434|504,2,434,data_4000_5_2.0_chordal,train_epoch,train,,16,3.0,0.10456647998094559,,,,,,,,4000,,,,,,,,,,,
fedavg,fedavg,434|504,434|504,2,434,data_4000_5_2.0_chordal,train_epoch,train,,16,4.0,0.10281349694728852,,,,,,,,4000,,,,,,,,,,,
fedavg,fedavg,434|504,434|504,2,434,data_4000_5_2.0_chordal,train_epoch,train,,16,5.0,0.09785614651441574,,,,,,,,4000,,,,,,,,,,,
fedavg,fedavg,434|504,434|504,2,434,data_4000_5_2.0_chordal,val_epoch,val,,16,,,0.13721332225203514,0.9598,0.8372499942779541,0.9518447532343076,0.9393181800842285,0.9393181800842285,0.9393181800842285,4000,,,,,,,,,,,
fedavg,fedavg,434|504,434|504,2,434,data_4000_5_2.0_chordal,val_epoch_task,val,cycle2,16,,,,,,,,,,4000,1984.0,13.0,2001.0,2.0,0.9934902353530295,0.998992950654582,0.9962340593338013,0.9962340593338013,0.9962340593338013,1986.0,0.4964999854564667
fedavg,fedavg,434|504,434|504,2,434,data_4000_5_2.0_chordal,val_epoch_task,val,cycle3,16,,,,,,,,,,4000,1978.0,19.0,1994.0,9.0,0.9904857285928893,0.9954705586311021,0.9929718971252441,0.9929718971252441,0.9929718971252441,1987.0,0.49674999713897705
fedavg,fedavg,434|504,434|504,2,434,data_4000_5_2.0_chordal,val_epoch_task,val,cycle4,16,,,,,,,,,,4000,1684.0,21.0,2216.0,79.0,0.987683284457478,0.9551900170164492,0.9711650013923645,0.9711650013923645,0.9711650013923645,1763.0,0.44075000286102295
fedavg,fedavg,434|504,434|504,2,434,data_4000_5_2.0_chordal,val_epoch_task,val,cycle5,16,,,,,,,,,,4000,1370.0,109.0,2366.0,155.0,0.9263015551048005,0.898360655737705,0.9121171236038208,0.9121171236038208,0.9121171236038208,1525.0,0.3812499940395355
fedavg,fedavg,434|504,434|504,2,434,data_4000_5_2.0_chordal,val_epoch_task,val,cycle6,16,,,,,,,,,,4000,930.0,188.0,2673.0,209.0,0.8318425760286225,0.8165057067603161,0.8241027593612671,0.8241027593612671,0.8241027593612671,1139.0,0.2847500145435333
fedavg,fedavg,434|504,434|504,2,504,data_2000_3_11_chordal,train_epoch,train,,16,1.0,0.1467327089905739,,,,,,,,2000,,,,,,,,,,,
fedavg,fedavg,434|504,434|504,2,504,data_2000_3_11_chordal,train_epoch,train,,16,2.0,0.18384872221946716,,,,,,,,2000,,,,,,,,,,,
fedavg,fedavg,434|504,434|504,2,504,data_2000_3_11_chordal,train_epoch,train,,16,3.0,0.1463978973031044,,,,,,,,2000,,,,,,,,,,,
fedavg,fedavg,434|504,434|504,2,504,data_2000_3_11_chordal,train_epoch,train,,16,4.0,0.12039824169129133,,,,,,,,2000,,,,,,,,,,,
fedavg,fedavg,434|504,434|504,2,504,data_2000_3_11_chordal,train_epoch,train,,16,5.0,0.14344580098986626,,,,,,,,2000,,,,,,,,,,,
fedavg,fedavg,434|504,434|504,2,504,data_2000_3_11_chordal,val_epoch,val,,16,,,0.14063273924589156,0.9774,0.9085000157356262,0.8653158522050061,0.8773895502090454,0.8773895502090454,0.8773895502090454,2000,,,,,,,,,,,
fedavg,fedavg,434|504,434|504,2,504,data_2000_3_11_chordal,val_epoch_task,val,cycle2,16,,,,,,,,,,2000,82.0,20.0,1898.0,0.0,0.803921568627451,1.0,0.8913043737411499,0.8913043737411499,0.8913043737411499,82.0,0.04100000113248825
fedavg,fedavg,434|504,434|504,2,504,data_2000_3_11_chordal,val_epoch_task,val,cycle3,16,,,,,,,,,,2000,128.0,12.0,1860.0,0.0,0.9142857142857143,1.0,0.9552239179611206,0.9552239179611206,0.9552239179611206,128.0,0.06400000303983688
fedavg,fedavg,434|504,434|504,2,504,data_2000_3_11_chordal,val_epoch_task,val,cycle4,16,,,,,,,,,,2000,155.0,30.0,1813.0,2.0,0.8378378378378378,0.9872611464968153,0.9064327478408813,0.9064327478408813,0.9064327478408813,157.0,0.07850000262260437
fedavg,fedavg,434|504,434|504,2,504,data_2000_3_11_chordal,val_epoch_task,val,cycle5,16,,,,,,,,,,2000,185.0,66.0,1747.0,2.0,0.7370517928286853,0.9893048128342246,0.844748854637146,0.844748854637146,0.844748854637146,187.0,0.09350000321865082
fedavg,fedavg,434|504,434|504,2,504,data_2000_3_11_chordal,val_epoch_task,val,cycle6,16,,,,,,,,,,2000,176.0,87.0,1730.0,7.0,0.6692015209125475,0.9617486338797814,0.7892376184463501,0.7892376184463501,0.7892376184463501,183.0,0.09149999916553497
fedavg,fedavg,434|504,434|504,2,434,data_4000_5_2.0_chordal,global_val_client,val,,16,,,0.1282227395772934,0.95205,0.8037499785423279,0.9452219112355058,0.9353247880935669,0.9353247880935669,0.9353247880935669,4000,,,,,,,,,,,
fedavg,fedavg,434|504,434|504,2,434,data_4000_5_2.0_chordal,global_val_client_task,val,cycle2,16,,,,,,,,,,4000,1986.0,26.0,1988.0,0.0,0.9870775347912525,1.0,0.9934967756271362,0.9934967756271362,0.9934967756271362,1986.0,0.4964999854564667
fedavg,fedavg,434|504,434|504,2,434,data_4000_5_2.0_chordal,global_val_client_task,val,cycle3,16,,,,,,,,,,4000,1984.0,19.0,1994.0,3.0,0.9905142286570144,0.9984901862103673,0.9944862127304077,0.9944862127304077,0.9944862127304077,1987.0,0.49674999713897705
fedavg,fedavg,434|504,434|504,2,434,data_4000_5_2.0_chordal,global_val_client_task,val,cycle4,16,,,,,,,,,,4000,1740.0,66.0,2171.0,23.0,0.9634551495016611,0.9869540555870675,0.9750630259513855,0.9750630259513855,0.9750630259513855,1763.0,0.44075000286102295
fedavg,fedavg,434|504,434|504,2,434,data_4000_5_2.0_chordal,global_val_client_task,val,cycle5,16,,,,,,,,,,4000,1491.0,288.0,2187.0,34.0,0.8381112984822934,0.9777049180327869,0.9025423526763916,0.9025423526763916,0.9025423526763916,1525.0,0.3812499940395355
fedavg,fedavg,434|504,434|504,2,434,data_4000_5_2.0_chordal,global_val_client_task,val,cycle6,16,,,,,,,,,,4000,1073.0,434.0,2427.0,66.0,0.7120106171201062,0.9420544337137841,0.8110355138778687,0.8110355138778687,0.8110355138778687,1139.0,0.2847500145435333
fedavg,fedavg,434|504,434|504,2,504,data_2000_3_11_chordal,global_val_client,val,,16,,,0.18593697469308973,0.9799,0.921999990940094,0.8738229755178907,0.8867579698562622,0.8867579698562622,0.8867579698562622,2000,,,,,,,,,,,
fedavg,fedavg,434|504,434|504,2,504,data_2000_3_11_chordal,global_val_client_task,val,cycle2,16,,,,,,,,,,2000,82.0,16.0,1902.0,0.0,0.8367346938775511,1.0,0.9111111164093018,0.9111111164093018,0.9111111164093018,82.0,0.04100000113248825
fedavg,fedavg,434|504,434|504,2,504,data_2000_3_11_chordal,global_val_client_task,val,cycle3,16,,,,,,,,,,2000,127.0,9.0,1863.0,1.0,0.9338235294117647,0.9921875,0.9621211886405945,0.9621211886405945,0.9621211886405945,128.0,0.06400000303983688
fedavg,fedavg,434|504,434|504,2,504,data_2000_3_11_chordal,global_val_client_task,val,cycle4,16,,,,,,,,,,2000,148.0,17.0,1826.0,9.0,0.896969696969697,0.9426751592356688,0.9192546606063843,0.9192546606063843,0.9192546606063843,157.0,0.07850000262260437
fedavg,fedavg,434|504,434|504,2,504,data_2000_3_11_chordal,global_val_client_task,val,cycle5,16,,,,,,,,,,2000,180.0,41.0,1772.0,7.0,0.8144796380090498,0.9625668449197861,0.8823529481887817,0.8823529481887817,0.8823529481887817,187.0,0.09350000321865082
fedavg,fedavg,434|504,434|504,2,504,data_2000_3_11_chordal,global_val_client_task,val,cycle6,16,,,,,,,,,,2000,159.0,77.0,1740.0,24.0,0.673728813559322,0.8688524590163934,0.758949875831604,0.758949875831604,0.758949875831604,183.0,0.09149999916553497
fedavg,fedavg,434|504,434|504,2,all,all,global_val_mean,val,,16,,,0.1474608179492255,0.9613333333333334,0.8431666493415833,0.9214222659963006,0.919135848681132,0.919135848681132,0.919135848681132,6000,,,,,,,,,,,
fedavg,fedavg,434|504,434|504,2,434,data_4000_5_2.0_chordal,train_epoch,train,,17,1.0,0.10229173302650452,,,,,,,,4000,,,,,,,,,,,
fedavg,fedavg,434|504,434|504,2,434,data_4000_5_2.0_chordal,train_epoch,train,,17,2.0,0.10244713413715363,,,,,,,,4000,,,,,,,,,,,
fedavg,fedavg,434|504,434|504,2,434,data_4000_5_2.0_chordal,train_epoch,train,,17,3.0,0.10427754110097885,,,,,,,,4000,,,,,,,,,,,
fedavg,fedavg,434|504,434|504,2,434,data_4000_5_2.0_chordal,train_epoch,train,,17,4.0,0.10461379891633987,,,,,,,,4000,,,,,,,,,,,
fedavg,fedavg,434|504,434|504,2,434,data_4000_5_2.0_chordal,train_epoch,train,,17,5.0,0.10240752410888672,,,,,,,,4000,,,,,,,,,,,
fedavg,fedavg,434|504,434|504,2,434,data_4000_5_2.0_chordal,val_epoch,val,,17,,,0.11756865447759628,0.96225,0.843999981880188,0.9555594796633116,0.944230854511261,0.944230854511261,0.944230854511261,4000,,,,,,,,,,,
fedavg,fedavg,434|504,434|504,2,434,data_4000_5_2.0_chordal,val_epoch_task,val,cycle2,17,,,,,,,,,,4000,1986.0,21.0,1993.0,0.0,0.9895366218236173,1.0,0.9947407841682434,0.9947407841682434,0.9947407841682434,1986.0,0.4964999854564667
fedavg,fedavg,434|504,434|504,2,434,data_4000_5_2.0_chordal,val_epoch_task,val,cycle3,17,,,,,,,,,,4000,1981.0,23.0,1990.0,6.0,0.9885229540918163,0.9969803724207348,0.9927335977554321,0.9927335977554321,0.9927335977554321,1987.0,0.49674999713897705
fedavg,fedavg,434|504,434|504,2,434,data_4000_5_2.0_chordal,val_epoch_task,val,cycle4,17,,,,,,,,,,4000,1731.0,41.0,2196.0,32.0,0.9768623024830699,0.9818491208167895,0.9793494343757629,0.9793494343757629,0.9793494343757629,1763.0,0.44075000286102295
fedavg,fedavg,434|504,434|504,2,434,data_4000_5_2.0_chordal,val_epoch_task,val,cycle5,17,,,,,,,,,,4000,1446.0,136.0,2339.0,79.0,0.9140328697850821,0.9481967213114754,0.9308013916015625,0.9308013916015625,0.9308013916015625,1525.0,0.3812499940395355
fedavg,fedavg,434|504,434|504,2,434,data_4000_5_2.0_chordal,val_epoch_task,val,cycle6,17,,,,,,,,,,4000,973.0,251.0,2610.0,166.0,0.7949346405228758,0.8542581211589113,0.8235293626785278,0.8235293626785278,0.8235293626785278,1139.0,0.2847500145435333
fedavg,fedavg,434|504,434|504,2,504,data_2000_3_11_chordal,train_epoch,train,,17,1.0,0.17223165905475615,,,,,,,,2000,,,,,,,,,,,
fedavg,fedavg,434|504,434|504,2,504,data_2000_3_11_chordal,train_epoch,train,,17,2.0,0.15655710849165916,,,,,,,,2000,,,,,,,,,,,
fedavg,fedavg,434|504,434|504,2,504,data_2000_3_11_chordal,train_epoch,train,,17,3.0,0.12582623363099993,,,,,,,,2000,,,,,,,,,,,
fedavg,fedavg,434|504,434|504,2,504,data_2000_3_11_chordal,train_epoch,train,,17,4.0,0.1193584840297699,,,,,,,,2000,,,,,,,,,,,
fedavg,fedavg,434|504,434|504,2,504,data_2000_3_11_chordal,train_epoch,train,,17,5.0,0.15232538117840885,,,,,,,,2000,,,,,,,,,,,
fedavg,fedavg,434|504,434|504,2,504,data_2000_3_11_chordal,val_epoch,val,,17,,,0.17510290467739106,0.9635,0.8725000023841858,0.7988980716253442,0.8161253929138184,0.8161253929138184,0.8161253929138184,2000,,,,,,,,,,,
fedavg,fedavg,434|504,434|504,2,504,data_2000_3_11_chordal,val_epoch_task,val,cycle2,17,,,,,,,,,,2000,82.0,26.0,1892.0,0.0,0.7592592592592593,1.0,0.8631579279899597,0.8631579279899597,0.8631579279899597,82.0,0.04100000113248825
fedavg,fedavg,434|504,434|504,2,504,data_2000_3_11_chordal,val_epoch_task,val,cycle3,17,,,,,,,,,,2000,128.0,19.0,1853.0,0.0,0.8707482993197279,1.0,0.9309090971946716,0.9309090971946716,0.9309090971946716,128.0,0.06400000303983688
fedavg,fedavg,434|504,434|504,2,504,data_2000_3_11_chordal,val_epoch_task,val,cycle4,17,,,,,,,,,,2000,152.0,98.0,1745.0,5.0,0.608,0.9681528662420382,0.7469287514686584,0.7469287514686584,0.7469287514686584,157.0,0.07850000262260437
fedavg,fedavg,434|504,434|504,2,504,data_2000_3_11_chordal,val_epoch_task,val,cycle5,17,,,,,,,,,,2000,185.0,103.0,1710.0,2.0,0.6423611111111112,0.9893048128342246,0.7789473533630371,0.7789473533630371,0.7789473533630371,187.0,0.09350000321865082
fedavg,fedavg,434|504,434|504,2,504,data_2000_3_11_chordal,val_epoch_task,val,cycle6,17,,,,,,,,,,2000,178.0,107.0,1710.0,5.0,0.624561403508772,0.9726775956284153,0.7606837749481201,0.7606837749481201,0.7606837749481201,183.0,0.09149999916553497
fedavg,fedavg,434|504,434|504,2,434,data_4000_5_2.0_chordal,global_val_client,val,,17,,,0.14868337178230287,0.93805,0.7595000267028809,0.9309172010036242,0.921042263507843,0.921042263507843,0.921042263507843,4000,,,,,,,,,,,
fedavg,fedavg,434|504,434|504,2,434,data_4000_5_2.0_chordal,global_val_client_task,val,cycle2,17,,,,,,,,,,4000,1986.0,19.0,1995.0,0.0,0.9905236907730673,1.0,0.9952393174171448,0.9952393174171448,0.9952393174171448,1986.0,0.4964999854564667
fedavg,fedavg,434|504,434|504,2,434,data_4000_5_2.0_chordal,global_val_client_task,val,cycle3,17,,,,,,,,,,4000,1986.0,25.0,1988.0,1.0,0.9875683739433118,0.9994967287367891,0.9934967756271362,0.9934967756271362,0.9934967756271362,1987.0,0.49674999713897705
fedavg,fedavg,434|504,434|504,2,434,data_4000_5_2.0_chordal,global_val_client_task,val,cycle4,17,,,,,,,,,,4000,1757.0,140.0,2097.0,6.0,0.9261992619926199,0.996596710153148,0.9601092338562012,0.9601092338562012,0.9601092338562012,1763.0,0.44075000286102295
fedavg,fedavg,434|504,434|504,2,434,data_4000_5_2.0_chordal,global_val_client_task,val,cycle5,17,,,,,,,,,,4000,1517.0,396.0,2079.0,8.0,0.7929952953476216,0.9947540983606558,0.8824898600578308,0.8824898600578308,0.8824898600578308,1525.0,0.3812499940395355
fedavg,fedavg,434|504,434|504,2,434,data_4000_5_2.0_chordal,global_val_client_task,val,cycle6,17,,,,,,,,,,4000,1102.0,607.0,2254.0,37.0,0.6448215330602691,0.9675153643546971,0.7738763689994812,0.7738763689994812,0.7738763689994812,1139.0,0.2847500145435333
fedavg,fedavg,434|504,434|504,2,504,data_2000_3_11_chordal,global_val_client,val,,17,,,0.14745329928398132,0.9786,0.9135000109672546,0.8696711327649209,0.8843929171562195,0.8843929171562195,0.8843929171562195,2000,,,,,,,,,,,
fedavg,fedavg,434|504,434|504,2,504,data_2000_3_11_chordal,global_val_client_task,val,cycle2,17,,,,,,,,,,2000,82.0,11.0,1907.0,0.0,0.8817204301075269,1.0,0.9371428489685059,0.9371428489685059,0.9371428489685059,82.0,0.04100000113248825
fedavg,fedavg,434|504,434|504,2,504,data_2000_3_11_chordal,global_val_client_task,val,cycle3,17,,,,,,,,,,2000,128.0,15.0,1857.0,0.0,0.8951048951048951,1.0,0.9446494579315186,0.9446494579315186,0.9446494579315186,128.0,0.06400000303983688
fedavg,fedavg,434|504,434|504,2,504,data_2000_3_11_chordal,global_val_client_task,val,cycle4,17,,,,,,,,,,2000,156.0,32.0,1811.0,1.0,0.8297872340425532,0.9936305732484076,0.904347836971283,0.904347836971283,0.904347836971283,157.0,0.07850000262260437
fedavg,fedavg,434|504,434|504,2,504,data_2000_3_11_chordal,global_val_client_task,val,cycle5,17,,,,,,,,,,2000,183.0,55.0,1758.0,4.0,0.7689075630252101,0.9786096256684492,0.8611764907836914,0.8611764907836914,0.8611764907836914,187.0,0.09350000321865082
fedavg,fedavg,434|504,434|504,2,504,data_2000_3_11_chordal,global_val_client_task,val,cycle6,17,,,,,,,,,,2000,165.0,78.0,1739.0,18.0,0.6790123456790124,0.9016393442622951,0.7746478915214539,0.7746478915214539,0.7746478915214539,183.0,0.09149999916553497
fedavg,fedavg,434|504,434|504,2,all,all,global_val_mean,val,,17,,,0.14827334761619568,0.9515666666666668,0.8108333547910055,0.9105018449240564,0.9088258147239685,0.9088258147239685,0.9088258147239685,6000,,,,,,,,,,,
fedavg,fedavg,434|504,434|504,2,434,data_4000_5_2.0_chordal,train_epoch,train,,18,1.0,0.10099755012989044,,,,,,,,4000,,,,,,,,,,,
fedavg,fedavg,434|504,434|504,2,434,data_4000_5_2.0_chordal,train_epoch,train,,18,2.0,0.0977294499874115,,,,,,,,4000,,,,,,,,,,,
fedavg,fedavg,434|504,434|504,2,434,data_4000_5_2.0_chordal,train_epoch,train,,18,3.0,0.08816165512800217,,,,,,,,4000,,,,,,,,,,,
fedavg,fedavg,434|504,434|504,2,434,data_4000_5_2.0_chordal,train_epoch,train,,18,4.0,0.09456929865479469,,,,,,,,4000,,,,,,,,,,,
fedavg,fedavg,434|504,434|504,2,434,data_4000_5_2.0_chordal,train_epoch,train,,18,5.0,0.09797413286566735,,,,,,,,4000,,,,,,,,,,,
fedavg,fedavg,434|504,434|504,2,434,data_4000_5_2.0_chordal,val_epoch,val,,18,,,0.12378085434436797,0.96025,0.8345000147819519,0.9535766423357664,0.9420827031135559,0.9420827031135559,0.9420827031135559,4000,,,,,,,,,,,
fedavg,fedavg,434|504,434|504,2,434,data_4000_5_2.0_chordal,val_epoch_task,val,cycle2,18,,,,,,,,,,4000,1981.0,14.0,2000.0,5.0,0.9929824561403509,0.9974823766364552,0.9952272772789001,0.9952272772789001,0.9952272772789001,1986.0,0.4964999854564667
fedavg,fedavg,434|504,434|504,2,434,data_4000_5_2.0_chordal,val_epoch_task,val,cycle3,18,,,,,,,,,,4000,1980.0,7.0,2006.0,7.0,0.9964771011575239,0.9964771011575239,0.9964771270751953,0.9964771270751953,0.9964771270751953,1987.0,0.49674999713897705
fedavg,fedavg,434|504,434|504,2,434,data_4000_5_2.0_chordal,val_epoch_task,val,cycle4,18,,,,,,,,,,4000,1740.0,60.0,2177.0,23.0,0.9666666666666667,0.9869540555870675,0.976705014705658,0.976705014705658,0.976705014705658,1763.0,0.44075000286102295
fedavg,fedavg,434|504,434|504,2,434,data_4000_5_2.0_chordal,val_epoch_task,val,cycle5,18,,,,,,,,,,4000,1502.0,244.0,2231.0,23.0,0.8602520045819015,0.9849180327868853,0.9183736443519592,0.9183736443519592,0.9183736443519592,1525.0,0.3812499940395355
fedavg,fedavg,434|504,434|504,2,434,data_4000_5_2.0_chordal,val_epoch_task,val,cycle6,18,,,,,,,,,,4000,962.0,235.0,2626.0,177.0,0.8036758563074352,0.8446005267778753,0.823630154132843,0.823630154132843,0.823630154132843,1139.0,0.2847500145435333
fedavg,fedavg,434|504,434|504,2,504,data_2000_3_11_chordal,train_epoch,train,,18,1.0,0.14588319885730744,,,,,,,,2000,,,,,,,,,,,
fedavg,fedavg,434|504,434|504,2,504,data_2000_3_11_chordal,train_epoch,train,,18,2.0,0.12215692684054374,,,,,,,,2000,,,,,,,,,,,
fedavg,fedavg,434|504,434|504,2,504,data_2000_3_11_chordal,train_epoch,train,,18,3.0,0.11990479528531432,,,,,,,,2000,,,,,,,,,,,
fedavg,fedavg,434|504,434|504,2,504,data_2000_3_11_chordal,train_epoch,train,,18,4.0,0.1618632451891899,,,,,,,,2000,,,,,,,,,,,
fedavg,fedavg,434|504,434|504,2,504,data_2000_3_11_chordal,train_epoch,train,,18,5.0,0.13857983437180518,,,,,,,,2000,,,,,,,,,,,
fedavg,fedavg,434|504,434|504,2,504,data_2000_3_11_chordal,val_epoch,val,,18,,,0.11882531660795212,0.9754,0.8989999890327454,0.855464159811986,0.8767428398132324,0.8767428398132324,0.8767428398132324,2000,,,,,,,,,,,
fedavg,fedavg,434|504,434|504,2,504,data_2000_3_11_chordal,val_epoch_task,val,cycle2,18,,,,,,,,,,2000,82.0,9.0,1909.0,0.0,0.9010989010989011,1.0,0.94797682762146,0.94797682762146,0.94797682762146,82.0,0.04100000113248825
fedavg,fedavg,434|504,434|504,2,504,data_2000_3_11_chordal,val_epoch_task,val,cycle3,18,,,,,,,,,,2000,128.0,15.0,1857.0,0.0,0.8951048951048951,1.0,0.9446494579315186,0.9446494579315186,0.9446494579315186,128.0,0.06400000303983688
fedavg,fedavg,434|504,434|504,2,504,data_2000_3_11_chordal,val_epoch_task,val,cycle4,18,,,,,,,,,,2000,157.0,35.0,1808.0,0.0,0.8177083333333334,1.0,0.8997134566307068,0.8997134566307068,0.8997134566307068,157.0,0.07850000262260437
fedavg,fedavg,434|504,434|504,2,504,data_2000_3_11_chordal,val_epoch_task,val,cycle5,18,,,,,,,,,,2000,181.0,68.0,1745.0,6.0,0.7269076305220884,0.9679144385026738,0.8302751779556274,0.8302751779556274,0.8302751779556274,187.0,0.09350000321865082
fedavg,fedavg,434|504,434|504,2,504,data_2000_3_11_chordal,val_epoch_task,val,cycle6,18,,,,,,,,,,2000,180.0,110.0,1707.0,3.0,0.6206896551724138,0.9836065573770492,0.7610993385314941,0.7610993385314941,0.7610993385314941,183.0,0.09149999916553497
fedavg,fedavg,434|504,434|504,2,434,data_4000_5_2.0_chordal,global_val_client,val,,18,,,0.149797403216362,0.94005,0.7672500014305115,0.9329380837854467,0.9231401681900024,0.9231401681900024,0.9231401681900024,4000,,,,,,,,,,,
fedavg,fedavg,434|504,434|504,2,434,data_4000_5_2.0_chordal,global_val_client_task,val,cycle2,18,,,,,,,,,,4000,1986.0,11.0,2003.0,0.0,0.9944917376064096,1.0,0.9972382187843323,0.9972382187843323,0.9972382187843323,1986.0,0.4964999854564667
fedavg,fedavg,434|504,434|504,2,434,data_4000_5_2.0_chordal,global_val_client_task,val,cycle3,18,,,,,,,,,,4000,1986.0,27.0,1986.0,1.0,0.9865871833084948,0.9994967287367891,0.9929999709129333,0.9929999709129333,0.9929999709129333,1987.0,0.49674999713897705
fedavg,fedavg,434|504,434|504,2,434,data_4000_5_2.0_chordal,global_val_client_task,val,cycle4,18,,,,,,,,,,4000,1755.0,135.0,2102.0,8.0,0.9285714285714286,0.9954622802041974,0.9608541131019592,0.9608541131019592,0.9608541131019592,1763.0,0.44075000286102295
fedavg,fedavg,434|504,434|504,2,434,data_4000_5_2.0_chordal,global_val_client_task,val,cycle5,18,,,,,,,,,,4000,1517.0,421.0,2054.0,8.0,0.782765737874097,0.9947540983606558,0.8761189579963684,0.8761189579963684,0.8761189579963684,1525.0,0.3812499940395355
fedavg,fedavg,434|504,434|504,2,434,data_4000_5_2.0_chordal,global_val_client_task,val,cycle6,18,,,,,,,,,,4000,1096.0,545.0,2316.0,43.0,0.667885435709933,0.9622475856014048,0.7884892225265503,0.7884892225265503,0.7884892225265503,1139.0,0.2847500145435333
fedavg,fedavg,434|504,434|504,2,504,data_2000_3_11_chordal,global_val_client,val,,18,,,0.13302388393040745,0.9799,0.9200000166893005,0.8769136558481323,0.8914626836776733,0.8914626836776733,0.8914626836776733,2000,,,,,,,,,,,
fedavg,fedavg,434|504,434|504,2,504,data_2000_3_11_chordal,global_val_client_task,val,cycle2,18,,,,,,,,,,2000,82.0,7.0,1911.0,0.0,0.9213483146067416,1.0,0.9590643644332886,0.9590643644332886,0.9590643644332886,82.0,0.04100000113248825
fedavg,fedavg,434|504,434|504,2,504,data_2000_3_11_chordal,global_val_client_task,val,cycle3,18,,,,,,,,,,2000,128.0,21.0,1851.0,0.0,0.8590604026845637,1.0,0.9241877198219299,0.9241877198219299,0.9241877198219299,128.0,0.06400000303983688
fedavg,fedavg,434|504,434|504,2,504,data_2000_3_11_chordal,global_val_client_task,val,cycle4,18,,,,,,,,,,2000,156.0,27.0,1816.0,1.0,0.8524590163934426,0.9936305732484076,0.9176470637321472,0.9176470637321472,0.9176470637321472,157.0,0.07850000262260437
fedavg,fedavg,434|504,434|504,2,504,data_2000_3_11_chordal,global_val_client_task,val,cycle5,18,,,,,,,,,,2000,183.0,55.0,1758.0,4.0,0.7689075630252101,0.9786096256684492,0.8611764907836914,0.8611764907836914,0.8611764907836914,187.0,0.09350000321865082
fedavg,fedavg,434|504,434|504,2,504,data_2000_3_11_chordal,global_val_client_task,val,cycle6,18,,,,,,,,,,2000,167.0,70.0,1747.0,16.0,0.7046413502109705,0.912568306010929,0.7952381372451782,0.7952381372451782,0.7952381372451782,183.0,0.09149999916553497
fedavg,fedavg,434|504,434|504,2,all,all,global_val_mean,val,,18,,,0.14420623012104383,0.9533333333333334,0.8181666731834412,0.9142632744730087,0.9125810066858927,0.9125810066858927,0.9125810066858927,6000,,,,,,,,,,,
fedavg,fedavg,434|504,434|504,2,434,data_4000_5_2.0_chordal,train_epoch,train,,19,1.0,0.09861380410194397,,,,,,,,4000,,,,,,,,,,,
fedavg,fedavg,434|504,434|504,2,434,data_4000_5_2.0_chordal,train_epoch,train,,19,2.0,0.08703121638298035,,,,,,,,4000,,,,,,,,,,,
fedavg,fedavg,434|504,434|504,2,434,data_4000_5_2.0_chordal,train_epoch,train,,19,3.0,0.09026304611563682,,,,,,,,4000,,,,,,,,,,,
fedavg,fedavg,434|504,434|504,2,434,data_4000_5_2.0_chordal,train_epoch,train,,19,4.0,0.0927009614109993,,,,,,,,4000,,,,,,,,,,,
fedavg,fedavg,434|504,434|504,2,434,data_4000_5_2.0_chordal,train_epoch,train,,19,5.0,0.09488002000749111,,,,,,,,4000,,,,,,,,,,,
fedavg,fedavg,434|504,434|504,2,434,data_4000_5_2.0_chordal,val_epoch,val,,19,,,0.13204292941093446,0.9542,0.8100000023841858,0.947398644768577,0.9378359913825989,0.9378359913825989,0.9378359913825989,4000,,,,,,,,,,,
fedavg,fedavg,434|504,434|504,2,434,data_4000_5_2.0_chordal,val_epoch_task,val,cycle2,19,,,,,,,,,,4000,1985.0,7.0,2007.0,1.0,0.9964859437751004,0.999496475327291,0.9979889392852783,0.9979889392852783,0.9979889392852783,1986.0,0.4964999854564667
fedavg,fedavg,434|504,434|504,2,434,data_4000_5_2.0_chordal,val_epoch_task,val,cycle3,19,,,,,,,,,,4000,1967.0,11.0,2002.0,20.0,0.9944388270980788,0.9899345747357826,0.9921815991401672,0.9921815991401672,0.9921815991401672,1987.0,0.49674999713897705
fedavg,fedavg,434|504,434|504,2,434,data_4000_5_2.0_chordal,val_epoch_task,val,cycle4,19,,,,,,,,,,4000,1737.0,51.0,2186.0,26.0,0.9714765100671141,0.9852524106636416,0.9783159494400024,0.9783159494400024,0.9783159494400024,1763.0,0.44075000286102295
fedavg,fedavg,434|504,434|504,2,434,data_4000_5_2.0_chordal,val_epoch_task,val,cycle5,19,,,,,,,,,,4000,1465.0,170.0,2305.0,60.0,0.8960244648318043,0.9606557377049181,0.9272152185440063,0.9272152185440063,0.9272152185440063,1525.0,0.3812499940395355
fedavg,fedavg,434|504,434|504,2,434,data_4000_5_2.0_chordal,val_epoch_task,val,cycle6,19,,,,,,,,,,4000,1095.0,526.0,2335.0,44.0,0.67550894509562,0.961369622475856,0.79347825050354,0.79347825050354,0.79347825050354,1139.0,0.2847500145435333
fedavg,fedavg,434|504,434|504,2,504,data_2000_3_11_chordal,train_epoch,train,,19,1.0,0.12381832201778889,,,,,,,,2000,,,,,,,,,,,
fedavg,fedavg,434|504,434|504,2,504,data_2000_3_11_chordal,train_epoch,train,,19,2.0,0.10994327168446034,,,,,,,,2000,,,,,,,,,,,
fedavg,fedavg,434|504,434|504,2,504,data_2000_3_11_chordal,train_epoch,train,,19,3.0,0.14900310522317886,,,,,,,,2000,,,,,,,,,,,
fedavg,fedavg,434|504,434|504,2,504,data_2000_3_11_chordal,train_epoch,train,,19,4.0,0.10673270152509212,,,,,,,,2000,,,,,,,,,,,
fedavg,fedavg,434|504,434|504,2,504,data_2000_3_11_chordal,train_epoch,train,,19,5.0,0.13379035585746168,,,,,,,,2000,,,,,,,,,,,
fedavg,fedavg,434|504,434|504,2,504,data_2000_3_11_chordal,val_epoch,val,,19,,,0.13327722302824258,0.969,0.8889999985694885,0.824858757062147,0.8514325022697449,0.8514325022697449,0.8514325022697449,2000,,,,,,,,,,,
fedavg,fedavg,434|504,434|504,2,504,data_2000_3_11_chordal,val_epoch_task,val,cycle2,19,,,,,,,,,,2000,81.0,9.0,1909.0,1.0,0.9,0.9878048780487805,0.9418604373931885,0.9418604373931885,0.9418604373931885,82.0,0.04100000113248825
fedavg,fedavg,434|504,434|504,2,504,data_2000_3_11_chordal,val_epoch_task,val,cycle3,19,,,,,,,,,,2000,128.0,16.0,1856.0,0.0,0.8888888888888888,1.0,0.9411765336990356,0.9411765336990356,0.9411765336990356,128.0,0.06400000303983688
fedavg,fedavg,434|504,434|504,2,504,data_2000_3_11_chordal,val_epoch_task,val,cycle4,19,,,,,,,,,,2000,156.0,62.0,1781.0,1.0,0.7155963302752294,0.9936305732484076,0.8320000767707825,0.8320000767707825,0.8320000767707825,157.0,0.07850000262260437
fedavg,fedavg,434|504,434|504,2,504,data_2000_3_11_chordal,val_epoch_task,val,cycle5,19,,,,,,,,,,2000,187.0,75.0,1738.0,0.0,0.7137404580152672,1.0,0.832962155342102,0.832962155342102,0.832962155342102,187.0,0.09350000321865082
fedavg,fedavg,434|504,434|504,2,504,data_2000_3_11_chordal,val_epoch_task,val,cycle6,19,,,,,,,,,,2000,178.0,141.0,1676.0,5.0,0.5579937304075235,0.9726775956284153,0.7091633081436157,0.7091633081436157,0.7091633081436157,183.0,0.09149999916553497
fedavg,fedavg,434|504,434|504,2,434,data_4000_5_2.0_chordal,global_val_client,val,,19,,,0.19263312900066376,0.92175,0.7017499804496765,0.9145975443383355,0.9054401516914368,0.9054401516914368,0.9054401516914368,4000,,,,,,,,,,,
fedavg,fedavg,434|504,434|504,2,434,data_4000_5_2.0_chordal,global_val_client_task,val,cycle2,19,,,,,,,,,,4000,1986.0,14.0,2000.0,0.0,0.993,1.0,0.9964876770973206,0.9964876770973206,0.9964876770973206,1986.0,0.4964999854564667
fedavg,fedavg,434|504,434|504,2,434,data_4000_5_2.0_chordal,global_val_client_task,val,cycle3,19,,,,,,,,,,4000,1985.0,14.0,1999.0,2.0,0.9929964982491246,0.9989934574735783,0.9959859251976013,0.9959859251976013,0.9959859251976013,1987.0,0.49674999713897705
fedavg,fedavg,434|504,434|504,2,434,data_4000_5_2.0_chordal,global_val_client_task,val,cycle4,19,,,,,,,,,,4000,1761.0,275.0,1962.0,2.0,0.8649312377210217,0.9988655700510494,0.9270861148834229,0.9270861148834229,0.9270861148834229,1763.0,0.44075000286102295
fedavg,fedavg,434|504,434|504,2,434,data_4000_5_2.0_chordal,global_val_client_task,val,cycle5,19,,,,,,,,,,4000,1519.0,428.0,2047.0,6.0,0.7801746276322548,0.9960655737704918,0.875,0.875,0.875,1525.0,0.3812499940395355
fedavg,fedavg,434|504,434|504,2,434,data_4000_5_2.0_chordal,global_val_client_task,val,cycle6,19,,,,,,,,,,4000,1129.0,814.0,2047.0,10.0,0.5810602161605765,0.9912203687445127,0.7326411008834839,0.7326411008834839,0.7326411008834839,1139.0,0.2847500145435333
fedavg,fedavg,434|504,434|504,2,504,data_2000_3_11_chordal,global_val_client,val,,19,,,0.14573753446154297,0.9795,0.9185000061988831,0.8746177370030581,0.8914165496826172,0.8914165496826172,0.8914165496826172,2000,,,,,,,,,,,
fedavg,fedavg,434|504,434|504,2,504,data_2000_3_11_chordal,global_val_client_task,val,cycle2,19,,,,,,,,,,2000,82.0,10.0,1908.0,0.0,0.8913043478260869,1.0,0.9425287246704102,0.9425287246704102,0.9425287246704102,82.0,0.04100000113248825
fedavg,fedavg,434|504,434|504,2,504,data_2000_3_11_chordal,global_val_client_task,val,cycle3,19,,,,,,,,,,2000,127.0,13.0,1859.0,1.0,0.9071428571428571,0.9921875,0.9477611780166626,0.9477611780166626,0.9477611780166626,128.0,0.06400000303983688
fedavg,fedavg,434|504,434|504,2,504,data_2000_3_11_chordal,global_val_client_task,val,cycle4,19,,,,,,,,,,2000,152.0,17.0,1826.0,5.0,0.8994082840236687,0.9681528662420382,0.9325153827667236,0.9325153827667236,0.9325153827667236,157.0,0.07850000262260437
fedavg,fedavg,434|504,434|504,2,504,data_2000_3_11_chordal,global_val_client_task,val,cycle5,19,,,,,,,,,,2000,182.0,58.0,1755.0,5.0,0.7583333333333333,0.9732620320855615,0.8524590134620667,0.8524590134620667,0.8524590134620667,187.0,0.09350000321865082
fedavg,fedavg,434|504,434|504,2,504,data_2000_3_11_chordal,global_val_client_task,val,cycle6,19,,,,,,,,,,2000,172.0,85.0,1732.0,11.0,0.669260700389105,0.9398907103825137,0.7818182110786438,0.7818182110786438,0.7818182110786438,183.0,0.09149999916553497
fedavg,fedavg,434|504,434|504,2,all,all,global_val_mean,val,,19,,,0.17700126415429016,0.941,0.7739999890327454,0.901270941893243,0.900765617688497,0.900765617688497,0.900765617688497,6000,,,,,,,,,,,
fedavg,fedavg,434|504,434|504,2,434,data_4000_5_2.0_chordal,train_epoch,train,,20,1.0,0.09823964488506318,,,,,,,,4000,,,,,,,,,,,
fedavg,fedavg,434|504,434|504,2,434,data_4000_5_2.0_chordal,train_epoch,train,,20,2.0,0.09997439181804657,,,,,,,,4000,,,,,,,,,,,
fedavg,fedavg,434|504,434|504,2,434,data_4000_5_2.0_chordal,train_epoch,train,,20,3.0,0.09341198088228703,,,,,,,,4000,,,,,,,,,,,
fedavg,fedavg,434|504,434|504,2,434,data_4000_5_2.0_chordal,train_epoch,train,,20,4.0,0.09116033211350441,,,,,,,,4000,,,,,,,,,,,
fedavg,fedavg,434|504,434|504,2,434,data_4000_5_2.0_chordal,train_epoch,train,,20,5.0,0.09347261273860931,,,,,,,,4000,,,,,,,,,,,
fedavg,fedavg,434|504,434|504,2,434,data_4000_5_2.0_chordal,val_epoch,val,,20,,,0.13901480466127394,0.9544,0.8072500228881836,0.9474048442906575,0.9373811483383179,0.9373811483383179,0.9373811483383179,4000,,,,,,,,,,,
fedavg,fedavg,434|504,434|504,2,434,data_4000_5_2.0_chordal,val_epoch_task,val,cycle2,20,,,,,,,,,,4000,1984.0,12.0,2002.0,2.0,0.9939879759519038,0.998992950654582,0.9964842200279236,0.9964842200279236,0.9964842200279236,1986.0,0.4964999854564667
fedavg,fedavg,434|504,434|504,2,434,data_4000_5_2.0_chordal,val_epoch_task,val,cycle3,20,,,,,,,,,,4000,1985.0,28.0,1985.0,2.0,0.9860904123199206,0.9989934574735783,0.9925000667572021,0.9925000667572021,0.9925000667572021,1987.0,0.49674999713897705
fedavg,fedavg,434|504,434|504,2,434,data_4000_5_2.0_chordal,val_epoch_task,val,cycle4,20,,,,,,,,,,4000,1722.0,35.0,2202.0,41.0,0.9800796812749004,0.9767441860465116,0.9784091114997864,0.9784091114997864,0.9784091114997864,1763.0,0.44075000286102295
fedavg,fedavg,434|504,434|504,2,434,data_4000_5_2.0_chordal,val_epoch_task,val,cycle5,20,,,,,,,,,,4000,1445.0,150.0,2325.0,80.0,0.9059561128526645,0.9475409836065574,0.9262821078300476,0.9262821078300476,0.9262821078300476,1525.0,0.3812499940395355
fedavg,fedavg,434|504,434|504,2,434,data_4000_5_2.0_chordal,val_epoch_task,val,cycle6,20,,,,,,,,,,4000,1078.0,501.0,2360.0,61.0,0.6827105763141229,0.9464442493415277,0.7932303547859192,0.7932303547859192,0.7932303547859192,1139.0,0.2847500145435333
fedavg,fedavg,434|504,434|504,2,504,data_2000_3_11_chordal,train_epoch,train,,20,1.0,0.14157270085811616,,,,,,,,2000,,,,,,,,,,,
fedavg,fedavg,434|504,434|504,2,504,data_2000_3_11_chordal,train_epoch,train,,20,2.0,0.12813676649332045,,,,,,,,2000,,,,,,,,,,,
fedavg,fedavg,434|504,434|504,2,504,data_2000_3_11_chordal,train_epoch,train,,20,3.0,0.13609393751621246,,,,,,,,2000,,,,,,,,,,,
fedavg,fedavg,434|504,434|504,2,504,data_2000_3_11_chordal,train_epoch,train,,20,4.0,0.12029861032962799,,,,,,,,2000,,,,,,,,,,,
fedavg,fedavg,434|504,434|504,2,504,data_2000_3_11_chordal,train_epoch,train,,20,5.0,0.11772259172797203,,,,,,,,2000,,,,,,,,,,,
fedavg,fedavg,434|504,434|504,2,504,data_2000_3_11_chordal,val_epoch,val,,20,,,0.1650799173861742,0.9677,0.8784999847412109,0.8174109666478236,0.8443596959114075,0.8443596959114075,0.8443596959114075,2000,,,,,,,,,,,
fedavg,fedavg,434|504,434|504,2,504,data_2000_3_11_chordal,val_epoch_task,val,cycle2,20,,,,,,,,,,2000,82.0,13.0,1905.0,0.0,0.8631578947368421,1.0,0.9265536665916443,0.9265536665916443,0.9265536665916443,82.0,0.04100000113248825
fedavg,fedavg,434|504,434|504,2,504,data_2000_3_11_chordal,val_epoch_task,val,cycle3,20,,,,,,,,,,2000,128.0,25.0,1847.0,0.0,0.8366013071895425,1.0,0.9110320806503296,0.9110320806503296,0.9110320806503296,128.0,0.06400000303983688
fedavg,fedavg,434|504,434|504,2,504,data_2000_3_11_chordal,val_epoch_task,val,cycle4,20,,,,,,,,,,2000,150.0,29.0,1814.0,7.0,0.8379888268156425,0.9554140127388535,0.8928571343421936,0.8928571343421936,0.8928571343421936,157.0,0.07850000262260437
fedavg,fedavg,434|504,434|504,2,504,data_2000_3_11_chordal,val_epoch_task,val,cycle5,20,,,,,,,,,,2000,183.0,101.0,1712.0,4.0,0.6443661971830986,0.9786096256684492,0.7770701050758362,0.7770701050758362,0.7770701050758362,187.0,0.09350000321865082
fedavg,fedavg,434|504,434|504,2,504,data_2000_3_11_chordal,val_epoch_task,val,cycle6,20,,,,,,,,,,2000,180.0,141.0,1676.0,3.0,0.5607476635514018,0.9836065573770492,0.7142857313156128,0.7142857313156128,0.7142857313156128,183.0,0.09149999916553497
fedavg,fedavg,434|504,434|504,2,434,data_4000_5_2.0_chordal,global_val_client,val,,20,,,0.17167240059375763,0.9337,0.734499990940094,0.9264395872628426,0.9171637296676636,0.9171637296676636,0.9171637296676636,4000,,,,,,,,,,,
fedavg,fedavg,434|504,434|504,2,434,data_4000_5_2.0_chordal,global_val_client_task,val,cycle2,20,,,,,,,,,,4000,1985.0,12.0,2002.0,1.0,0.9939909864797196,0.999496475327291,0.9967361688613892,0.9967361688613892,0.9967361688613892,1986.0,0.4964999854564667
fedavg,fedavg,434|504,434|504,2,434,data_4000_5_2.0_chordal,global_val_client_task,val,cycle3,20,,,,,,,,,,4000,1987.0,38.0,1975.0,0.0,0.9812345679012345,1.0,0.990528404712677,0.990528404712677,0.990528404712677,1987.0,0.49674999713897705
fedavg,fedavg,434|504,434|504,2,434,data_4000_5_2.0_chordal,global_val_client_task,val,cycle4,20,,,,,,,,,,4000,1752.0,92.0,2145.0,11.0,0.9501084598698482,0.9937606352807714,0.9714444279670715,0.9714444279670715,0.9714444279670715,1763.0,0.44075000286102295
fedavg,fedavg,434|504,434|504,2,434,data_4000_5_2.0_chordal,global_val_client_task,val,cycle5,20,,,,,,,,,,4000,1508.0,337.0,2138.0,17.0,0.8173441734417344,0.9888524590163934,0.8949554562568665,0.8949554562568665,0.8949554562568665,1525.0,0.3812499940395355
fedavg,fedavg,434|504,434|504,2,434,data_4000_5_2.0_chordal,global_val_client_task,val,cycle6,20,,,,,,,,,,4000,1118.0,797.0,2064.0,21.0,0.5838120104438642,0.9815627743634767,0.7321544885635376,0.7321544885635376,0.7321544885635376,1139.0,0.2847500145435333
fedavg,fedavg,434|504,434|504,2,504,data_2000_3_11_chordal,global_val_client,val,,20,,,0.17425034832954406,0.979,0.9164999723434448,0.8713235294117647,0.8839863538742065,0.8839863538742065,0.8839863538742065,2000,,,,,,,,,,,
fedavg,fedavg,434|504,434|504,2,504,data_2000_3_11_chordal,global_val_client_task,val,cycle2,20,,,,,,,,,,2000,82.0,16.0,1902.0,0.0,0.8367346938775511,1.0,0.9111111164093018,0.9111111164093018,0.9111111164093018,82.0,0.04100000113248825
fedavg,fedavg,434|504,434|504,2,504,data_2000_3_11_chordal,global_val_client_task,val,cycle3,20,,,,,,,,,,2000,128.0,18.0,1854.0,0.0,0.8767123287671232,1.0,0.9343065619468689,0.9343065619468689,0.9343065619468689,128.0,0.06400000303983688
fedavg,fedavg,434|504,434|504,2,504,data_2000_3_11_chordal,global_val_client_task,val,cycle4,20,,,,,,,,,,2000,146.0,17.0,1826.0,11.0,0.8957055214723927,0.9299363057324841,0.9124999046325684,0.9124999046325684,0.9124999046325684,157.0,0.07850000262260437
fedavg,fedavg,434|504,434|504,2,504,data_2000_3_11_chordal,global_val_client_task,val,cycle5,20,,,,,,,,,,2000,180.0,37.0,1776.0,7.0,0.8294930875576036,0.9625668449197861,0.891089141368866,0.891089141368866,0.891089141368866,187.0,0.09350000321865082
fedavg,fedavg,434|504,434|504,2,504,data_2000_3_11_chordal,global_val_client_task,val,cycle6,20,,,,,,,,,,2000,175.0,96.0,1721.0,8.0,0.6457564575645757,0.9562841530054644,0.7709251642227173,0.7709251642227173,0.7709251642227173,183.0,0.09149999916553497
fedavg,fedavg,434|504,434|504,2,all,all,global_val_mean,val,,20,,,0.17253171650568644,0.9487999999999999,0.7951666514078776,0.9080675679791499,0.9061046044031779,0.9061046044031779,0.9061046044031779,6000,,,,,,,,,,,
fedavg,fedavg,434|504,434|504,2,434,data_4000_5_2.0_chordal,train_epoch,train,,21,1.0,0.09821175183355808,,,,,,,,4000,,,,,,,,,,,
fedavg,fedavg,434|504,434|504,2,434,data_4000_5_2.0_chordal,train_epoch,train,,21,2.0,0.08461810621619224,,,,,,,,4000,,,,,,,,,,,
fedavg,fedavg,434|504,434|504,2,434,data_4000_5_2.0_chordal,train_epoch,train,,21,3.0,0.0957262573838234,,,,,,,,4000,,,,,,,,,,,
fedavg,fedavg,434|504,434|504,2,434,data_4000_5_2.0_chordal,train_epoch,train,,21,4.0,0.09191355365514756,,,,,,,,4000,,,,,,,,,,,
fedavg,fedavg,434|504,434|504,2,434,data_4000_5_2.0_chordal,train_epoch,train,,21,5.0,0.09313023087382316,,,,,,,,4000,,,,,,,,,,,
fedavg,fedavg,434|504,434|504,2,434,data_4000_5_2.0_chordal,val_epoch,val,,21,,,0.10587688130140305,0.96595,0.8569999933242798,0.9601404741000878,0.9509409666061401,0.9509409666061401,0.9509409666061401,4000,,,,,,,,,,,
fedavg,fedavg,434|504,434|504,2,434,data_4000_5_2.0_chordal,val_epoch_task,val,cycle2,21,,,,,,,,,,4000,1986.0,9.0,2005.0,0.0,0.9954887218045113,1.0,0.9977392554283142,0.9977392554283142,0.9977392554283142,1986.0,0.4964999854564667
fedavg,fedavg,434|504,434|504,2,434,data_4000_5_2.0_chordal,val_epoch_task,val,cycle3,21,,,,,,,,,,4000,1984.0,16.0,1997.0,3.0,0.992,0.9984901862103673,0.9952345490455627,0.9952345490455627,0.9952345490455627,1987.0,0.49674999713897705
fedavg,fedavg,434|504,434|504,2,434,data_4000_5_2.0_chordal,val_epoch_task,val,cycle4,21,,,,,,,,,,4000,1723.0,30.0,2207.0,40.0,0.9828864803194524,0.9773114010209869,0.9800909757614136,0.9800909757614136,0.9800909757614136,1763.0,0.44075000286102295
fedavg,fedavg,434|504,434|504,2,434,data_4000_5_2.0_chordal,val_epoch_task,val,cycle5,21,,,,,,,,,,4000,1451.0,107.0,2368.0,74.0,0.9313222079589217,0.9514754098360656,0.9412909150123596,0.9412909150123596,0.9412909150123596,1525.0,0.3812499940395355
fedavg,fedavg,434|504,434|504,2,434,data_4000_5_2.0_chordal,val_epoch_task,val,cycle6,21,,,,,,,,,,4000,1058.0,321.0,2540.0,81.0,0.7672226250906454,0.9288849868305531,0.8403494358062744,0.8403494358062744,0.8403494358062744,1139.0,0.2847500145435333
fedavg,fedavg,434|504,434|504,2,504,data_2000_3_11_chordal,train_epoch,train,,21,1.0,0.15325953942537307,,,,,,,,2000,,,,,,,,,,,
fedavg,fedavg,434|504,434|504,2,504,data_2000_3_11_chordal,train_epoch,train,,21,2.0,0.10490603071451188,,,,,,,,2000,,,,,,,,,,,
fedavg,fedavg,434|504,434|504,2,504,data_2000_3_11_chordal,train_epoch,train,,21,3.0,0.12321127289533615,,,,,,,,2000,,,,,,,,,,,
fedavg,fedavg,434|504,434|504,2,504,data_2000_3_11_chordal,train_epoch,train,,21,4.0,0.11304131359234453,,,,,,,,2000,,,,,,,,,,,
fedavg,fedavg,434|504,434|504,2,504,data_2000_3_11_chordal,train_epoch,train,,21,5.0,0.14992235207557678,,,,,,,,2000,,,,,,,,,,,
fedavg,fedavg,434|504,434|504,2,504,data_2000_3_11_chordal,val_epoch,val,,21,,,0.12796883375197649,0.966,0.8679999709129333,0.8119469026548672,0.8433254361152649,0.8433254361152649,0.8433254361152649,2000,,,,,,,,,,,
fedavg,fedavg,434|504,434|504,2,504,data_2000_3_11_chordal,val_epoch_task,val,cycle2,21,,,,,,,,,,2000,82.0,17.0,1901.0,0.0,0.8282828282828283,1.0,0.9060773253440857,0.9060773253440857,0.9060773253440857,82.0,0.04100000113248825
fedavg,fedavg,434|504,434|504,2,504,data_2000_3_11_chordal,val_epoch_task,val,cycle3,21,,,,,,,,,,2000,128.0,18.0,1854.0,0.0,0.8767123287671232,1.0,0.9343065619468689,0.9343065619468689,0.9343065619468689,128.0,0.06400000303983688
fedavg,fedavg,434|504,434|504,2,504,data_2000_3_11_chordal,val_epoch_task,val,cycle4,21,,,,,,,,,,2000,154.0,31.0,1812.0,3.0,0.8324324324324325,0.9808917197452229,0.9005847573280334,0.9005847573280334,0.9005847573280334,157.0,0.07850000262260437
fedavg,fedavg,434|504,434|504,2,504,data_2000_3_11_chordal,val_epoch_task,val,cycle5,21,,,,,,,,,,2000,187.0,89.0,1724.0,0.0,0.677536231884058,1.0,0.8077753782272339,0.8077753782272339,0.8077753782272339,187.0,0.09350000321865082
fedavg,fedavg,434|504,434|504,2,504,data_2000_3_11_chordal,val_epoch_task,val,cycle6,21,,,,,,,,,,2000,183.0,182.0,1635.0,0.0,0.5013698630136987,1.0,0.6678831577301025,0.6678831577301025,0.6678831577301025,183.0,0.09149999916553497
fedavg,fedavg,434|504,434|504,2,434,data_4000_5_2.0_chordal,global_val_client,val,,21,,,0.15461616617441176,0.9369,0.7509999871253967,0.9298499166203446,0.9208100438117981,0.9208100438117981,0.9208100438117981,4000,,,,,,,,,,,
fedavg,fedavg,434|504,434|504,2,434,data_4000_5_2.0_chordal,global_val_client_task,val,cycle2,21,,,,,,,,,,4000,1986.0,14.0,2000.0,0.0,0.993,1.0,0.9964876770973206,0.9964876770973206,0.9964876770973206,1986.0,0.4964999854564667
fedavg,fedavg,434|504,434|504,2,434,data_4000_5_2.0_chordal,global_val_client_task,val,cycle3,21,,,,,,,,,,4000,1986.0,20.0,1993.0,1.0,0.9900299102691924,0.9994967287367891,0.9947407841682434,0.9947407841682434,0.9947407841682434,1987.0,0.49674999713897705
fedavg,fedavg,434|504,434|504,2,434,data_4000_5_2.0_chordal,global_val_client_task,val,cycle4,21,,,,,,,,,,4000,1748.0,80.0,2157.0,15.0,0.9562363238512035,0.9914917753828701,0.9735449552536011,0.9735449552536011,0.9735449552536011,1763.0,0.44075000286102295
fedavg,fedavg,434|504,434|504,2,434,data_4000_5_2.0_chordal,global_val_client_task,val,cycle5,21,,,,,,,,,,4000,1515.0,337.0,2138.0,10.0,0.8180345572354212,0.9934426229508196,0.8972460031509399,0.8972460031509399,0.8972460031509399,1525.0,0.3812499940395355
fedavg,fedavg,434|504,434|504,2,434,data_4000_5_2.0_chordal,global_val_client_task,val,cycle6,21,,,,,,,,,,4000,1129.0,775.0,2086.0,10.0,0.5929621848739496,0.9912203687445127,0.742030918598175,0.742030918598175,0.742030918598175,1139.0,0.2847500145435333
fedavg,fedavg,434|504,434|504,2,504,data_2000_3_11_chordal,global_val_client,val,,21,,,0.134052414894104,0.9839,0.9284999966621399,0.8993120700437773,0.9116421937942505,0.9116421937942505,0.9116421937942505,2000,,,,,,,,,,,
fedavg,fedavg,434|504,434|504,2,504,data_2000_3_11_chordal,global_val_client_task,val,cycle2,21,,,,,,,,,,2000,82.0,10.0,1908.0,0.0,0.8913043478260869,1.0,0.9425287246704102,0.9425287246704102,0.9425287246704102,82.0,0.04100000113248825
fedavg,fedavg,434|504,434|504,2,504,data_2000_3_11_chordal,global_val_client_task,val,cycle3,21,,,,,,,,,,2000,128.0,11.0,1861.0,0.0,0.920863309352518,1.0,0.9588015079498291,0.9588015079498291,0.9588015079498291,128.0,0.06400000303983688
fedavg,fedavg,434|504,434|504,2,504,data_2000_3_11_chordal,global_val_client_task,val,cycle4,21,,,,,,,,,,2000,155.0,13.0,1830.0,2.0,0.9226190476190477,0.9872611464968153,0.9538462162017822,0.9538462162017822,0.9538462162017822,157.0,0.07850000262260437
fedavg,fedavg,434|504,434|504,2,504,data_2000_3_11_chordal,global_val_client_task,val,cycle5,21,,,,,,,,,,2000,184.0,34.0,1779.0,3.0,0.8440366972477065,0.983957219251337,0.9086419939994812,0.9086419939994812,0.9086419939994812,187.0,0.09350000321865082
fedavg,fedavg,434|504,434|504,2,504,data_2000_3_11_chordal,global_val_client_task,val,cycle6,21,,,,,,,,,,2000,170.0,75.0,1742.0,13.0,0.6938775510204082,0.9289617486338798,0.7943925261497498,0.7943925261497498,0.7943925261497498,183.0,0.09149999916553497
fedavg,fedavg,434|504,434|504,2,all,all,global_val_mean,val,,21,,,0.14776158241430917,0.9525666666666666,0.8101666569709778,0.9196706344281554,0.9177540938059489,0.9177540938059489,0.9177540938059489,6000,,,,,,,,,,,
fedavg,fedavg,434|504,434|504,2,434,data_4000_5_2.0_chordal,train_epoch,train,,22,1.0,0.09048095527291299,,,,,,,,4000,,,,,,,,,,,
fedavg,fedavg,434|504,434|504,2,434,data_4000_5_2.0_chordal,train_epoch,train,,22,2.0,0.08627690577507019,,,,,,,,4000,,,,,,,,,,,
fedavg,fedavg,434|504,434|504,2,434,data_4000_5_2.0_chordal,train_epoch,train,,22,3.0,0.09031488895416259,,,,,,,,4000,,,,,,,,,,,
fedavg,fedavg,434|504,434|504,2,434,data_4000_5_2.0_chordal,train_epoch,train,,22,4.0,0.09234179258346557,,,,,,,,4000,,,,,,,,,,,
fedavg,fedavg,434|504,434|504,2,434,data_4000_5_2.0_chordal,train_epoch,train,,22,5.0,0.08987336653470993,,,,,,,,4000,,,,,,,,,,,
fedavg,fedavg,434|504,434|504,2,434,data_4000_5_2.0_chordal,val_epoch,val,,22,,,0.13030687421560289,0.96305,0.843500018119812,0.9559200715776917,0.9410244226455688,0.9410244226455688,0.9410244226455688,4000,,,,,,,,,,,
fedavg,fedavg,434|504,434|504,2,434,data_4000_5_2.0_chordal,val_epoch_task,val,cycle2,22,,,,,,,,,,4000,1985.0,10.0,2004.0,1.0,0.9949874686716792,0.999496475327291,0.9972368478775024,0.9972368478775024,0.9972368478775024,1986.0,0.4964999854564667
fedavg,fedavg,434|504,434|504,2,434,data_4000_5_2.0_chordal,val_epoch_task,val,cycle3,22,,,,,,,,,,4000,1984.0,20.0,1993.0,3.0,0.9900199600798403,0.9984901862103673,0.9942371249198914,0.9942371249198914,0.9942371249198914,1987.0,0.49674999713897705
fedavg,fedavg,434|504,434|504,2,434,data_4000_5_2.0_chordal,val_epoch_task,val,cycle4,22,,,,,,,,,,4000,1751.0,54.0,2183.0,12.0,0.9700831024930748,0.9931934203062961,0.9815022349357605,0.9815022349357605,0.9815022349357605,1763.0,0.44075000286102295
fedavg,fedavg,434|504,434|504,2,434,data_4000_5_2.0_chordal,val_epoch_task,val,cycle5,22,,,,,,,,,,4000,1426.0,96.0,2379.0,99.0,0.9369250985545335,0.9350819672131148,0.9360026121139526,0.9360026121139526,0.9360026121139526,1525.0,0.3812499940395355
fedavg,fedavg,434|504,434|504,2,434,data_4000_5_2.0_chordal,val_epoch_task,val,cycle6,22,,,,,,,,,,4000,867.0,172.0,2689.0,272.0,0.8344562078922041,0.7611940298507462,0.7961432933807373,0.7961432933807373,0.7961432933807373,1139.0,0.2847500145435333
fedavg,fedavg,434|504,434|504,2,504,data_2000_3_11_chordal,train_epoch,train,,22,1.0,0.12372524100542069,,,,,,,,2000,,,,,,,,,,,
fedavg,fedavg,434|504,434|504,2,504,data_2000_3_11_chordal,train_epoch,train,,22,2.0,0.1613286150097847,,,,,,,,2000,,,,,,,,,,,
fedavg,fedavg,434|504,434|504,2,504,data_2000_3_11_chordal,train_epoch,train,,22,3.0,0.15008380687236786,,,,,,,,2000,,,,,,,,,,,
fedavg,fedavg,434|504,434|504,2,504,data_2000_3_11_chordal,train_epoch,train,,22,4.0,0.12951806290447712,,,,,,,,2000,,,,,,,,,,,
fedavg,fedavg,434|504,434|504,2,504,data_2000_3_11_chordal,train_epoch,train,,22,5.0,0.1102764738574624,,,,,,,,2000,,,,,,,,,,,
fedavg,fedavg,434|504,434|504,2,504,data_2000_3_11_chordal,val_epoch,val,,22,,,0.14404566782712935,0.9722,0.8930000066757202,0.8385598141695704,0.8638083338737488,0.8638083338737488,0.8638083338737488,2000,,,,,,,,,,,
fedavg,fedavg,434|504,434|504,2,504,data_2000_3_11_chordal,val_epoch_task,val,cycle2,22,,,,,,,,,,2000,82.0,7.0,1911.0,0.0,0.9213483146067416,1.0,0.9590643644332886,0.9590643644332886,0.9590643644332886,82.0,0.04100000113248825
fedavg,fedavg,434|504,434|504,2,504,data_2000_3_11_chordal,val_epoch_task,val,cycle3,22,,,,,,,,,,2000,128.0,25.0,1847.0,0.0,0.8366013071895425,1.0,0.9110320806503296,0.9110320806503296,0.9110320806503296,128.0,0.06400000303983688
fedavg,fedavg,434|504,434|504,2,504,data_2000_3_11_chordal,val_epoch_task,val,cycle4,22,,,,,,,,,,2000,151.0,28.0,1815.0,6.0,0.8435754189944135,0.9617834394904459,0.8988094925880432,0.8988094925880432,0.8988094925880432,157.0,0.07850000262260437
fedavg,fedavg,434|504,434|504,2,504,data_2000_3_11_chordal,val_epoch_task,val,cycle5,22,,,,,,,,,,2000,183.0,76.0,1737.0,4.0,0.7065637065637066,0.9786096256684492,0.8206278681755066,0.8206278681755066,0.8206278681755066,187.0,0.09350000321865082
fedavg,fedavg,434|504,434|504,2,504,data_2000_3_11_chordal,val_epoch_task,val,cycle6,22,,,,,,,,,,2000,178.0,127.0,1690.0,5.0,0.5836065573770491,0.9726775956284153,0.7295081615447998,0.7295081615447998,0.7295081615447998,183.0,0.09149999916553497
fedavg,fedavg,434|504,434|504,2,434,data_4000_5_2.0_chordal,global_val_client,val,,22,,,0.12563513499498366,0.9527,0.8137500286102295,0.9462010919017289,0.9366451501846313,0.9366451501846313,0.9366451501846313,4000,,,,,,,,,,,
fedavg,fedavg,434|504,434|504,2,434,data_4000_5_2.0_chordal,global_val_client_task,val,cycle2,22,,,,,,,,,,4000,1986.0,9.0,2005.0,0.0,0.9954887218045113,1.0,0.9977392554283142,0.9977392554283142,0.9977392554283142,1986.0,0.4964999854564667
fedavg,fedavg,434|504,434|504,2,434,data_4000_5_2.0_chordal,global_val_client_task,val,cycle3,22,,,,,,,,,,4000,1986.0,29.0,1984.0,1.0,0.9856079404466501,0.9994967287367891,0.9925037622451782,0.9925037622451782,0.9925037622451782,1987.0,0.49674999713897705
fedavg,fedavg,434|504,434|504,2,434,data_4000_5_2.0_chordal,global_val_client_task,val,cycle4,22,,,,,,,,,,4000,1761.0,118.0,2119.0,2.0,0.9372006386375732,0.9988655700510494,0.967051088809967,0.967051088809967,0.967051088809967,1763.0,0.44075000286102295
fedavg,fedavg,434|504,434|504,2,434,data_4000_5_2.0_chordal,global_val_client_task,val,cycle5,22,,,,,,,,,,4000,1496.0,259.0,2216.0,29.0,0.8524216524216525,0.980983606557377,0.9121951460838318,0.9121951460838318,0.9121951460838318,1525.0,0.3812499940395355
fedavg,fedavg,434|504,434|504,2,434,data_4000_5_2.0_chordal,global_val_client_task,val,cycle6,22,,,,,,,,,,4000,1090.0,450.0,2411.0,49.0,0.7077922077922078,0.9569798068481123,0.8137364983558655,0.8137364983558655,0.8137364983558655,1139.0,0.2847500145435333
fedavg,fedavg,434|504,434|504,2,504,data_2000_3_11_chordal,global_val_client,val,,22,,,0.1609166741669178,0.9822,0.9259999990463257,0.8883312421580929,0.8958390951156616,0.8958390951156616,0.8958390951156616,2000,,,,,,,,,,,
fedavg,fedavg,434|504,434|504,2,504,data_2000_3_11_chordal,global_val_client_task,val,cycle2,22,,,,,,,,,,2000,82.0,14.0,1904.0,0.0,0.8541666666666666,1.0,0.9213482737541199,0.9213482737541199,0.9213482737541199,82.0,0.04100000113248825
fedavg,fedavg,434|504,434|504,2,504,data_2000_3_11_chordal,global_val_client_task,val,cycle3,22,,,,,,,,,,2000,128.0,22.0,1850.0,0.0,0.8533333333333334,1.0,0.9208633303642273,0.9208633303642273,0.9208633303642273,128.0,0.06400000303983688
fedavg,fedavg,434|504,434|504,2,504,data_2000_3_11_chordal,global_val_client_task,val,cycle4,22,,,,,,,,,,2000,155.0,21.0,1822.0,2.0,0.8806818181818182,0.9872611464968153,0.9309309124946594,0.9309309124946594,0.9309309124946594,157.0,0.07850000262260437
fedavg,fedavg,434|504,434|504,2,504,data_2000_3_11_chordal,global_val_client_task,val,cycle5,22,,,,,,,,,,2000,176.0,31.0,1782.0,11.0,0.8502415458937198,0.9411764705882353,0.8934009671211243,0.8934009671211243,0.8934009671211243,187.0,0.09350000321865082
fedavg,fedavg,434|504,434|504,2,504,data_2000_3_11_chordal,global_val_client_task,val,cycle6,22,,,,,,,,,,2000,167.0,61.0,1756.0,16.0,0.7324561403508771,0.912568306010929,0.812652051448822,0.812652051448822,0.812652051448822,183.0,0.09149999916553497
fedavg,fedavg,434|504,434|504,2,all,all,global_val_mean,val,,22,,,0.13739564805229504,0.9625333333333334,0.8511666854222616,0.9269111419871836,0.9230431318283081,0.9230431318283081,0.9230431318283081,6000,,,,,,,,,,,
fedavg,fedavg,434|504,434|504,2,434,data_4000_5_2.0_chordal,train_epoch,train,,23,1.0,0.09651765173673629,,,,,,,,4000,,,,,,,,,,,
fedavg,fedavg,434|504,434|504,2,434,data_4000_5_2.0_chordal,train_epoch,train,,23,2.0,0.08522411268949509,,,,,,,,4000,,,,,,,,,,,
fedavg,fedavg,434|504,434|504,2,434,data_4000_5_2.0_chordal,train_epoch,train,,23,3.0,0.08959287565946579,,,,,,,,4000,,,,,,,,,,,
fedavg,fedavg,434|504,434|504,2,434,data_4000_5_2.0_chordal,train_epoch,train,,23,4.0,0.09067530596256256,,,,,,,,4000,,,,,,,,,,,
fedavg,fedavg,434|504,434|504,2,434,data_4000_5_2.0_chordal,train_epoch,train,,23,5.0,0.09065557402372361,,,,,,,,4000,,,,,,,,,,,
fedavg,fedavg,434|504,434|504,2,434,data_4000_5_2.0_chordal,val_epoch,val,,23,,,0.12912287747859955,0.95635,0.8224999904632568,0.9497148781752203,0.9396928548812866,0.9396928548812866,0.9396928548812866,4000,,,,,,,,,,,
fedavg,fedavg,434|504,434|504,2,434,data_4000_5_2.0_chordal,val_epoch_task,val,cycle2,23,,,,,,,,,,4000,1986.0,11.0,2003.0,0.0,0.9944917376064096,1.0,0.9972382187843323,0.9972382187843323,0.9972382187843323,1986.0,0.4964999854564667
fedavg,fedavg,434|504,434|504,2,434,data_4000_5_2.0_chordal,val_epoch_task,val,cycle3,23,,,,,,,,,,4000,1986.0,28.0,1985.0,1.0,0.9860973187686196,0.9994967287367891,0.9927518367767334,0.9927518367767334,0.9927518367767334,1987.0,0.49674999713897705
fedavg,fedavg,434|504,434|504,2,434,data_4000_5_2.0_chordal,val_epoch_task,val,cycle4,23,,,,,,,,,,4000,1740.0,75.0,2162.0,23.0,0.9586776859504132,0.9869540555870675,0.972610354423523,0.972610354423523,0.972610354423523,1763.0,0.44075000286102295
fedavg,fedavg,434|504,434|504,2,434,data_4000_5_2.0_chordal,val_epoch_task,val,cycle5,23,,,,,,,,,,4000,1472.0,209.0,2266.0,53.0,0.875669244497323,0.9652459016393443,0.918278157711029,0.918278157711029,0.918278157711029,1525.0,0.3812499940395355
fedavg,fedavg,434|504,434|504,2,434,data_4000_5_2.0_chordal,val_epoch_task,val,cycle6,23,,,,,,,,,,4000,1060.0,394.0,2467.0,79.0,0.7290233837689133,0.9306409130816505,0.8175857663154602,0.8175857663154602,0.8175857663154602,1139.0,0.2847500145435333
fedavg,fedavg,434|504,434|504,2,504,data_2000_3_11_chordal,train_epoch,train,,23,1.0,0.1456278941705823,,,,,,,,2000,,,,,,,,,,,
fedavg,fedavg,434|504,434|504,2,504,data_2000_3_11_chordal,train_epoch,train,,23,2.0,0.15325149381160735,,,,,,,,2000,,,,,,,,,,,
fedavg,fedavg,434|504,434|504,2,504,data_2000_3_11_chordal,train_epoch,train,,23,3.0,0.1318414511308074,,,,,,,,2000,,,,,,,,,,,
fedavg,fedavg,434|504,434|504,2,504,data_2000_3_11_chordal,train_epoch,train,,23,4.0,0.12189168390631676,,,,,,,,2000,,,,,,,,,,,
fedavg,fedavg,434|504,434|504,2,504,data_2000_3_11_chordal,train_epoch,train,,23,5.0,0.1340631103515625,,,,,,,,2000,,,,,,,,,,,
fedavg,fedavg,434|504,434|504,2,504,data_2000_3_11_chordal,val_epoch,val,,23,,,0.18495115429162978,0.974,0.8960000276565552,0.8448687350835321,0.8628037571907043,0.8628037571907043,0.8628037571907043,2000,,,,,,,,,,,
fedavg,fedavg,434|504,434|504,2,504,data_2000_3_11_chordal,val_epoch_task,val,cycle2,23,,,,,,,,,,2000,82.0,12.0,1906.0,0.0,0.8723404255319149,1.0,0.9318181872367859,0.9318181872367859,0.9318181872367859,82.0,0.04100000113248825
fedavg,fedavg,434|504,434|504,2,504,data_2000_3_11_chordal,val_epoch_task,val,cycle3,23,,,,,,,,,,2000,128.0,33.0,1839.0,0.0,0.7950310559006211,1.0,0.8858131766319275,0.8858131766319275,0.8858131766319275,128.0,0.06400000303983688
fedavg,fedavg,434|504,434|504,2,504,data_2000_3_11_chordal,val_epoch_task,val,cycle4,23,,,,,,,,,,2000,155.0,24.0,1819.0,2.0,0.8659217877094972,0.9872611464968153,0.9226189851760864,0.9226189851760864,0.9226189851760864,157.0,0.07850000262260437
fedavg,fedavg,434|504,434|504,2,504,data_2000_3_11_chordal,val_epoch_task,val,cycle5,23,,,,,,,,,,2000,174.0,53.0,1760.0,13.0,0.7665198237885462,0.93048128342246,0.8405796885490417,0.8405796885490417,0.8405796885490417,187.0,0.09350000321865082
fedavg,fedavg,434|504,434|504,2,504,data_2000_3_11_chordal,val_epoch_task,val,cycle6,23,,,,,,,,,,2000,169.0,109.0,1708.0,14.0,0.6079136690647482,0.9234972677595629,0.7331887483596802,0.7331887483596802,0.7331887483596802,183.0,0.09149999916553497
fedavg,fedavg,434|504,434|504,2,434,data_4000_5_2.0_chordal,global_val_client,val,,23,,,0.16347992718219756,0.9369,0.7587500214576721,0.9298030926688174,0.9202626943588257,0.9202626943588257,0.9202626943588257,4000,,,,,,,,,,,
fedavg,fedavg,434|504,434|504,2,434,data_4000_5_2.0_chordal,global_val_client_task,val,cycle2,23,,,,,,,,,,4000,1986.0,7.0,2007.0,0.0,0.9964877069744105,1.0,0.9982407689094543,0.9982407689094543,0.9982407689094543,1986.0,0.4964999854564667
fedavg,fedavg,434|504,434|504,2,434,data_4000_5_2.0_chordal,global_val_client_task,val,cycle3,23,,,,,,,,,,4000,1986.0,25.0,1988.0,1.0,0.9875683739433118,0.9994967287367891,0.9934967756271362,0.9934967756271362,0.9934967756271362,1987.0,0.49674999713897705
fedavg,fedavg,434|504,434|504,2,434,data_4000_5_2.0_chordal,global_val_client_task,val,cycle4,23,,,,,,,,,,4000,1760.0,177.0,2060.0,3.0,0.9086215797625193,0.998298355076574,0.9513514041900635,0.9513514041900635,0.9513514041900635,1763.0,0.44075000286102295
fedavg,fedavg,434|504,434|504,2,434,data_4000_5_2.0_chordal,global_val_client_task,val,cycle5,23,,,,,,,,,,4000,1504.0,334.0,2141.0,21.0,0.8182807399347116,0.9862295081967213,0.8944395184516907,0.8944395184516907,0.8944395184516907,1525.0,0.3812499940395355
fedavg,fedavg,434|504,434|504,2,434,data_4000_5_2.0_chordal,global_val_client_task,val,cycle6,23,,,,,,,,,,4000,1122.0,677.0,2184.0,17.0,0.6236798221234019,0.9850746268656716,0.7637849450111389,0.7637849450111389,0.7637849450111389,1139.0,0.2847500145435333
fedavg,fedavg,434|504,434|504,2,504,data_2000_3_11_chordal,global_val_client,val,,23,,,0.14665778744220734,0.9813,0.9240000247955322,0.8839230291744259,0.8986594080924988,0.8986594080924988,0.8986594080924988,2000,,,,,,,,,,,
fedavg,fedavg,434|504,434|504,2,504,data_2000_3_11_chordal,global_val_client_task,val,cycle2,23,,,,,,,,,,2000,82.0,11.0,1907.0,0.0,0.8817204301075269,1.0,0.9371428489685059,0.9371428489685059,0.9371428489685059,82.0,0.04100000113248825
fedavg,fedavg,434|504,434|504,2,504,data_2000_3_11_chordal,global_val_client_task,val,cycle3,23,,,,,,,,,,2000,128.0,9.0,1863.0,0.0,0.9343065693430657,1.0,0.9660376906394958,0.9660376906394958,0.9660376906394958,128.0,0.06400000303983688
fedavg,fedavg,434|504,434|504,2,504,data_2000_3_11_chordal,global_val_client_task,val,cycle4,23,,,,,,,,,,2000,153.0,18.0,1825.0,4.0,0.8947368421052632,0.9745222929936306,0.9329268336296082,0.9329268336296082,0.9329268336296082,157.0,0.07850000262260437
fedavg,fedavg,434|504,434|504,2,504,data_2000_3_11_chordal,global_val_client_task,val,cycle5,23,,,,,,,,,,2000,180.0,48.0,1765.0,7.0,0.7894736842105263,0.9625668449197861,0.8674699068069458,0.8674699068069458,0.8674699068069458,187.0,0.09350000321865082
fedavg,fedavg,434|504,434|504,2,504,data_2000_3_11_chordal,global_val_client_task,val,cycle6,23,,,,,,,,,,2000,169.0,76.0,1741.0,14.0,0.689795918367347,0.9234972677595629,0.7897196412086487,0.7897196412086487,0.7897196412086487,183.0,0.09149999916553497
fedavg,fedavg,434|504,434|504,2,all,all,global_val_mean,val,,23,,,0.15787254726886749,0.9517,0.8138333559036255,0.914509738170687,0.9130615989367167,0.9130615989367167,0.9130615989367167,6000,,,,,,,,,,,
fedavg,fedavg,434|504,434|504,2,434,data_4000_5_2.0_chordal,train_epoch,train,,24,1.0,0.08982218417525291,,,,,,,,4000,,,,,,,,,,,
fedavg,fedavg,434|504,434|504,2,434,data_4000_5_2.0_chordal,train_epoch,train,,24,2.0,0.08695334407687187,,,,,,,,4000,,,,,,,,,,,
fedavg,fedavg,434|504,434|504,2,434,data_4000_5_2.0_chordal,train_epoch,train,,24,3.0,0.08072011741995812,,,,,,,,4000,,,,,,,,,,,
fedavg,fedavg,434|504,434|504,2,434,data_4000_5_2.0_chordal,train_epoch,train,,24,4.0,0.08581877201795578,,,,,,,,4000,,,,,,,,,,,
fedavg,fedavg,434|504,434|504,2,434,data_4000_5_2.0_chordal,train_epoch,train,,24,5.0,0.08560152927041054,,,,,,,,4000,,,,,,,,,,,
fedavg,fedavg,434|504,434|504,2,434,data_4000_5_2.0_chordal,val_epoch,val,,24,,,0.11192479360103608,0.96385,0.8504999876022339,0.9577019832680044,0.9478036165237427,0.9478036165237427,0.9478036165237427,4000,,,,,,,,,,,
fedavg,fedavg,434|504,434|504,2,434,data_4000_5_2.0_chordal,val_epoch_task,val,cycle2,24,,,,,,,,,,4000,1980.0,16.0,1998.0,6.0,0.9919839679358717,0.9969788519637462,0.9944750666618347,0.9944750666618347,0.9944750666618347,1986.0,0.4964999854564667
fedavg,fedavg,434|504,434|504,2,434,data_4000_5_2.0_chordal,val_epoch_task,val,cycle3,24,,,,,,,,,,4000,1980.0,24.0,1989.0,7.0,0.9880239520958084,0.9964771011575239,0.9922325015068054,0.9922325015068054,0.9922325015068054,1987.0,0.49674999713897705
fedavg,fedavg,434|504,434|504,2,434,data_4000_5_2.0_chordal,val_epoch_task,val,cycle4,24,,,,,,,,,,4000,1736.0,27.0,2210.0,27.0,0.9846851956891662,0.9846851956891662,0.9846851825714111,0.9846851825714111,0.9846851825714111,1763.0,0.44075000286102295
fedavg,fedavg,434|504,434|504,2,434,data_4000_5_2.0_chordal,val_epoch_task,val,cycle5,24,,,,,,,,,,4000,1468.0,158.0,2317.0,57.0,0.9028290282902829,0.9626229508196721,0.9317676424980164,0.9317676424980164,0.9317676424980164,1525.0,0.3812499940395355
fedavg,fedavg,434|504,434|504,2,434,data_4000_5_2.0_chordal,val_epoch_task,val,cycle6,24,,,,,,,,,,4000,1021.0,283.0,2578.0,118.0,0.7829754601226994,0.8964003511852502,0.8358575105667114,0.8358575105667114,0.8358575105667114,1139.0,0.2847500145435333
fedavg,fedavg,434|504,434|504,2,504,data_2000_3_11_chordal,train_epoch,train,,24,1.0,0.14449640375375747,,,,,,,,2000,,,,,,,,,,,
fedavg,fedavg,434|504,434|504,2,504,data_2000_3_11_chordal,train_epoch,train,,24,2.0,0.12286109900474548,,,,,,,,2000,,,,,,,,,,,
fedavg,fedavg,434|504,434|504,2,504,data_2000_3_11_chordal,train_epoch,train,,24,3.0,0.11844095338322222,,,,,,,,2000,,,,,,,,,,,
fedavg,fedavg,434|504,434|504,2,504,data_2000_3_11_chordal,train_epoch,train,,24,4.0,0.132951283544302,,,,,,,,2000,,,,,,,,,,,
fedavg,fedavg,434|504,434|504,2,504,data_2000_3_11_chordal,train_epoch,train,,24,5.0,0.11462884544581174,,,,,,,,2000,,,,,,,,,,,
fedavg,fedavg,434|504,434|504,2,504,data_2000_3_11_chordal,val_epoch,val,,24,,,0.16641729483008386,0.9702,0.8914999961853027,0.8273464658169177,0.8468543291091919,0.8468543291091919,0.8468543291091919,2000,,,,,,,,,,,
fedavg,fedavg,434|504,434|504,2,504,data_2000_3_11_chordal,val_epoch_task,val,cycle2,24,,,,,,,,,,2000,82.0,12.0,1906.0,0.0,0.8723404255319149,1.0,0.9318181872367859,0.9318181872367859,0.9318181872367859,82.0,0.04100000113248825
fedavg,fedavg,434|504,434|504,2,504,data_2000_3_11_chordal,val_epoch_task,val,cycle3,24,,,,,,,,,,2000,128.0,22.0,1850.0,0.0,0.8533333333333334,1.0,0.9208633303642273,0.9208633303642273,0.9208633303642273,128.0,0.06400000303983688
fedavg,fedavg,434|504,434|504,2,504,data_2000_3_11_chordal,val_epoch_task,val,cycle4,24,,,,,,,,,,2000,155.0,74.0,1769.0,2.0,0.6768558951965066,0.9872611464968153,0.803108811378479,0.803108811378479,0.803108811378479,157.0,0.07850000262260437
fedavg,fedavg,434|504,434|504,2,504,data_2000_3_11_chordal,val_epoch_task,val,cycle5,24,,,,,,,,,,2000,179.0,63.0,1750.0,8.0,0.7396694214876033,0.9572192513368984,0.8344988226890564,0.8344988226890564,0.8344988226890564,187.0,0.09350000321865082
fedavg,fedavg,434|504,434|504,2,504,data_2000_3_11_chordal,val_epoch_task,val,cycle6,24,,,,,,,,,,2000,170.0,104.0,1713.0,13.0,0.6204379562043796,0.9289617486338798,0.7439824938774109,0.7439824938774109,0.7439824938774109,183.0,0.09149999916553497
fedavg,fedavg,434|504,434|504,2,434,data_4000_5_2.0_chordal,global_val_client,val,,24,,,0.1559170441031456,0.93805,0.7622500061988831,0.9309633922103973,0.9213706851005554,0.9213706851005554,0.9213706851005554,4000,,,,,,,,,,,
fedavg,fedavg,434|504,434|504,2,434,data_4000_5_2.0_chordal,global_val_client_task,val,cycle2,24,,,,,,,,,,4000,1986.0,13.0,2001.0,0.0,0.9934967483741871,1.0,0.9967377781867981,0.9967377781867981,0.9967377781867981,1986.0,0.4964999854564667
fedavg,fedavg,434|504,434|504,2,434,data_4000_5_2.0_chordal,global_val_client_task,val,cycle3,24,,,,,,,,,,4000,1985.0,23.0,1990.0,2.0,0.9885458167330677,0.9989934574735783,0.9937421679496765,0.9937421679496765,0.9937421679496765,1987.0,0.49674999713897705
fedavg,fedavg,434|504,434|504,2,434,data_4000_5_2.0_chordal,global_val_client_task,val,cycle4,24,,,,,,,,,,4000,1759.0,173.0,2064.0,4.0,0.910455486542443,0.9977311401020987,0.9520974159240723,0.9520974159240723,0.9520974159240723,1763.0,0.44075000286102295
fedavg,fedavg,434|504,434|504,2,434,data_4000_5_2.0_chordal,global_val_client_task,val,cycle5,24,,,,,,,,,,4000,1506.0,333.0,2142.0,19.0,0.8189233278955954,0.9875409836065574,0.8953626751899719,0.8953626751899719,0.8953626751899719,1525.0,0.3812499940395355
fedavg,fedavg,434|504,434|504,2,434,data_4000_5_2.0_chordal,global_val_client_task,val,cycle6,24,,,,,,,,,,4000,1118.0,651.0,2210.0,21.0,0.6319954776710006,0.9815627743634767,0.7689133882522583,0.7689133882522583,0.7689133882522583,1139.0,0.2847500145435333
fedavg,fedavg,434|504,434|504,2,504,data_2000_3_11_chordal,global_val_client,val,,24,,,0.1532609849346336,0.9818,0.9235000014305115,0.8859649122807018,0.8987075090408325,0.8987075090408325,0.8987075090408325,2000,,,,,,,,,,,
fedavg,fedavg,434|504,434|504,2,504,data_2000_3_11_chordal,global_val_client_task,val,cycle2,24,,,,,,,,,,2000,82.0,10.0,1908.0,0.0,0.8913043478260869,1.0,0.9425287246704102,0.9425287246704102,0.9425287246704102,82.0,0.04100000113248825
fedavg,fedavg,434|504,434|504,2,504,data_2000_3_11_chordal,global_val_client_task,val,cycle3,24,,,,,,,,,,2000,127.0,11.0,1861.0,1.0,0.9202898550724637,0.9921875,0.9548872709274292,0.9548872709274292,0.9548872709274292,128.0,0.06400000303983688
fedavg,fedavg,434|504,434|504,2,504,data_2000_3_11_chordal,global_val_client_task,val,cycle4,24,,,,,,,,,,2000,154.0,23.0,1820.0,3.0,0.8700564971751412,0.9808917197452229,0.9221556782722473,0.9221556782722473,0.9221556782722473,157.0,0.07850000262260437
fedavg,fedavg,434|504,434|504,2,504,data_2000_3_11_chordal,global_val_client_task,val,cycle5,24,,,,,,,,,,2000,178.0,46.0,1767.0,9.0,0.7946428571428571,0.9518716577540107,0.8661800622940063,0.8661800622940063,0.8661800622940063,187.0,0.09350000321865082
fedavg,fedavg,434|504,434|504,2,504,data_2000_3_11_chordal,global_val_client_task,val,cycle6,24,,,,,,,,,,2000,166.0,62.0,1755.0,17.0,0.7280701754385965,0.907103825136612,0.8077858686447144,0.8077858686447144,0.8077858686447144,183.0,0.09149999916553497
fedavg,fedavg,434|504,434|504,2,all,all,global_val_mean,val,,24,,,0.15503169104697492,0.9526333333333333,0.8160000046094259,0.9159638989004989,0.9138162930806478,0.9138162930806478,0.9138162930806478,6000,,,,,,,,,,,
fedavg,fedavg,434|504,434|504,2,434,data_4000_5_2.0_chordal,train_epoch,train,,25,1.0,0.09153834709525108,,,,,,,,4000,,,,,,,,,,,
fedavg,fedavg,434|504,434|504,2,434,data_4000_5_2.0_chordal,train_epoch,train,,25,2.0,0.07992253428697586,,,,,,,,4000,,,,,,,,,,,
fedavg,fedavg,434|504,434|504,2,434,data_4000_5_2.0_chordal,train_epoch,train,,25,3.0,0.08605153498053551,,,,,,,,4000,,,,,,,,,,,
fedavg,fedavg,434|504,434|504,2,434,data_4000_5_2.0_chordal,train_epoch,train,,25,4.0,0.08762040108442307,,,,,,,,4000,,,,,,,,,,,
fedavg,fedavg,434|504,434|504,2,434,data_4000_5_2.0_chordal,train_epoch,train,,25,5.0,0.08714141984283924,,,,,,,,4000,,,,,,,,,,,
fedavg,fedavg,434|504,434|504,2,434,data_4000_5_2.0_chordal,val_epoch,val,,25,,,0.11378976315259934,0.96285,0.8397499918937683,0.956759587964849,0.9472990036010742,0.9472990036010742,0.9472990036010742,4000,,,,,,,,,,,
fedavg,fedavg,434|504,434|504,2,434,data_4000_5_2.0_chordal,val_epoch_task,val,cycle2,25,,,,,,,,,,4000,1964.0,4.0,2010.0,22.0,0.9979674796747967,0.9889224572004028,0.9934244155883789,0.9934244155883789,0.9934244155883789,1986.0,0.4964999854564667
fedavg,fedavg,434|504,434|504,2,434,data_4000_5_2.0_chordal,val_epoch_task,val,cycle3,25,,,,,,,,,,4000,1976.0,9.0,2004.0,11.0,0.9954659949622167,0.9944640161046804,0.9949647784233093,0.9949647784233093,0.9949647784233093,1987.0,0.49674999713897705
fedavg,fedavg,434|504,434|504,2,434,data_4000_5_2.0_chordal,val_epoch_task,val,cycle4,25,,,,,,,,,,4000,1745.0,46.0,2191.0,18.0,0.9743160245672808,0.9897901304594441,0.9819921255111694,0.9819921255111694,0.9819921255111694,1763.0,0.44075000286102295
fedavg,fedavg,434|504,434|504,2,434,data_4000_5_2.0_chordal,val_epoch_task,val,cycle5,25,,,,,,,,,,4000,1493.0,191.0,2284.0,32.0,0.8865795724465558,0.9790163934426229,0.9305078983306885,0.9305078983306885,0.9305078983306885,1525.0,0.3812499940395355
fedavg,fedavg,434|504,434|504,2,434,data_4000_5_2.0_chordal,val_epoch_task,val,cycle6,25,,,,,,,,,,4000,1042.0,313.0,2548.0,97.0,0.7690036900369004,0.9148375768217735,0.8356055021286011,0.8356055021286011,0.8356055021286011,1139.0,0.2847500145435333
fedavg,fedavg,434|504,434|504,2,504,data_2000_3_11_chordal,train_epoch,train,,25,1.0,0.12464104944467544,,,,,,,,2000,,,,,,,,,,,
fedavg,fedavg,434|504,434|504,2,504,data_2000_3_11_chordal,train_epoch,train,,25,2.0,0.1222995411932352,,,,,,,,2000,,,,,,,,,,,
fedavg,fedavg,434|504,434|504,2,504,data_2000_3_11_chordal,train_epoch,train,,25,3.0,0.12123143109306693,,,,,,,,2000,,,,,,,,,,,
fedavg,fedavg,434|504,434|504,2,504,data_2000_3_11_chordal,train_epoch,train,,25,4.0,0.12665170040354132,,,,,,,,2000,,,,,,,,,,,
fedavg,fedavg,434|504,434|504,2,504,data_2000_3_11_chordal,train_epoch,train,,25,5.0,0.12135524238646031,,,,,,,,2000,,,,,,,,,,,
fedavg,fedavg,434|504,434|504,2,504,data_2000_3_11_chordal,val_epoch,val,,25,,,0.11045049644261598,0.9774,0.9110000133514404,0.8659549228944247,0.8853273391723633,0.8853273391723633,0.8853273391723633,2000,,,,,,,,,,,
fedavg,fedavg,434|504,434|504,2,504,data_2000_3_11_chordal,val_epoch_task,val,cycle2,25,,,,,,,,,,2000,82.0,6.0,1912.0,0.0,0.9318181818181818,1.0,0.9647058844566345,0.9647058844566345,0.9647058844566345,82.0,0.04100000113248825
fedavg,fedavg,434|504,434|504,2,504,data_2000_3_11_chordal,val_epoch_task,val,cycle3,25,,,,,,,,,,2000,128.0,18.0,1854.0,0.0,0.8767123287671232,1.0,0.9343065619468689,0.9343065619468689,0.9343065619468689,128.0,0.06400000303983688
fedavg,fedavg,434|504,434|504,2,504,data_2000_3_11_chordal,val_epoch_task,val,cycle4,25,,,,,,,,,,2000,156.0,35.0,1808.0,1.0,0.8167539267015707,0.9936305732484076,0.8965517282485962,0.8965517282485962,0.8965517282485962,157.0,0.07850000262260437
fedavg,fedavg,434|504,434|504,2,504,data_2000_3_11_chordal,val_epoch_task,val,cycle5,25,,,,,,,,,,2000,184.0,61.0,1752.0,3.0,0.7510204081632653,0.983957219251337,0.8518518805503845,0.8518518805503845,0.8518518805503845,187.0,0.09350000321865082
fedavg,fedavg,434|504,434|504,2,504,data_2000_3_11_chordal,val_epoch_task,val,cycle6,25,,,,,,,,,,2000,180.0,99.0,1718.0,3.0,0.6451612903225806,0.9836065573770492,0.7792207598686218,0.7792207598686218,0.7792207598686218,183.0,0.09149999916553497
fedavg,fedavg,434|504,434|504,2,434,data_4000_5_2.0_chordal,global_val_client,val,,25,,,0.1362894350886345,0.94775,0.7882500290870667,0.9409237379162191,0.9309883117675781,0.9309883117675781,0.9309883117675781,4000,,,,,,,,,,,
fedavg,fedavg,434|504,434|504,2,434,data_4000_5_2.0_chordal,global_val_client_task,val,cycle2,25,,,,,,,,,,4000,1985.0,7.0,2007.0,1.0,0.9964859437751004,0.999496475327291,0.9979889392852783,0.9979889392852783,0.9979889392852783,1986.0,0.4964999854564667
fedavg,fedavg,434|504,434|504,2,434,data_4000_5_2.0_chordal,global_val_client_task,val,cycle3,25,,,,,,,,,,4000,1987.0,15.0,1998.0,0.0,0.9925074925074925,1.0,0.9962397217750549,0.9962397217750549,0.9962397217750549,1987.0,0.49674999713897705
fedavg,fedavg,434|504,434|504,2,434,data_4000_5_2.0_chordal,global_val_client_task,val,cycle4,25,,,,,,,,,,4000,1755.0,101.0,2136.0,8.0,0.9455818965517241,0.9954622802041974,0.9698812365531921,0.9698812365531921,0.9698812365531921,1763.0,0.44075000286102295
fedavg,fedavg,434|504,434|504,2,434,data_4000_5_2.0_chordal,global_val_client_task,val,cycle5,25,,,,,,,,,,4000,1496.0,280.0,2195.0,29.0,0.8423423423423423,0.980983606557377,0.906391978263855,0.906391978263855,0.906391978263855,1525.0,0.3812499940395355
fedavg,fedavg,434|504,434|504,2,434,data_4000_5_2.0_chordal,global_val_client_task,val,cycle6,25,,,,,,,,,,4000,1099.0,564.0,2297.0,40.0,0.6608538785327721,0.9648814749780509,0.784439742565155,0.784439742565155,0.784439742565155,1139.0,0.2847500145435333
fedavg,fedavg,434|504,434|504,2,504,data_2000_3_11_chordal,global_val_client,val,,25,,,0.14259922804683448,0.9806,0.9210000038146973,0.8812729498164016,0.8969234228134155,0.8969234228134155,0.8969234228134155,2000,,,,,,,,,,,
fedavg,fedavg,434|504,434|504,2,504,data_2000_3_11_chordal,global_val_client_task,val,cycle2,25,,,,,,,,,,2000,82.0,10.0,1908.0,0.0,0.8913043478260869,1.0,0.9425287246704102,0.9425287246704102,0.9425287246704102,82.0,0.04100000113248825
fedavg,fedavg,434|504,434|504,2,504,data_2000_3_11_chordal,global_val_client_task,val,cycle3,25,,,,,,,,,,2000,128.0,8.0,1864.0,0.0,0.9411764705882353,1.0,0.9696969985961914,0.9696969985961914,0.9696969985961914,128.0,0.06400000303983688
fedavg,fedavg,434|504,434|504,2,504,data_2000_3_11_chordal,global_val_client_task,val,cycle4,25,,,,,,,,,,2000,151.0,25.0,1818.0,6.0,0.8579545454545454,0.9617834394904459,0.9069069623947144,0.9069069623947144,0.9069069623947144,157.0,0.07850000262260437
fedavg,fedavg,434|504,434|504,2,504,data_2000_3_11_chordal,global_val_client_task,val,cycle5,25,,,,,,,,,,2000,183.0,52.0,1761.0,4.0,0.7787234042553192,0.9786096256684492,0.8672986030578613,0.8672986030578613,0.8672986030578613,187.0,0.09350000321865082
fedavg,fedavg,434|504,434|504,2,504,data_2000_3_11_chordal,global_val_client_task,val,cycle6,25,,,,,,,,,,2000,176.0,82.0,1735.0,7.0,0.6821705426356589,0.9617486338797814,0.7981859445571899,0.7981859445571899,0.7981859445571899,183.0,0.09149999916553497
fedavg,fedavg,434|504,434|504,2,all,all,global_val_mean,val,,25,,,0.13839269940803448,0.9587,0.8325000206629435,0.9210401418829467,0.9196333487828573,0.9196333487828573,0.9196333487828573,6000,,,,,,,,,,,
fedavg,fedavg,434|504,434|504,2,434,data_4000_5_2.0_chordal,train_epoch,train,,26,1.0,0.09041635817289352,,,,,,,,4000,,,,,,,,,,,
fedavg,fedavg,434|504,434|504,2,434,data_4000_5_2.0_chordal,train_epoch,train,,26,2.0,0.08369123828411103,,,,,,,,4000,,,,,,,,,,,
fedavg,fedavg,434|504,434|504,2,434,data_4000_5_2.0_chordal,train_epoch,train,,26,3.0,0.0844972928762436,,,,,,,,4000,,,,,,,,,,,
fedavg,fedavg,434|504,434|504,2,434,data_4000_5_2.0_chordal,train_epoch,train,,26,4.0,0.07942374914884567,,,,,,,,4000,,,,,,,,,,,
fedavg,fedavg,434|504,434|504,2,434,data_4000_5_2.0_chordal,train_epoch,train,,26,5.0,0.08335517327487468,,,,,,,,4000,,,,,,,,,,,
fedavg,fedavg,434|504,434|504,2,434,data_4000_5_2.0_chordal,val_epoch,val,,26,,,0.11536610573530197,0.96345,0.8462499976158142,0.9574678536102869,0.9479015469551086,0.9479015469551086,0.9479015469551086,4000,,,,,,,,,,,
fedavg,fedavg,434|504,434|504,2,434,data_4000_5_2.0_chordal,val_epoch_task,val,cycle2,26,,,,,,,,,,4000,1985.0,11.0,2003.0,1.0,0.9944889779559118,0.999496475327291,0.996986448764801,0.996986448764801,0.996986448764801,1986.0,0.4964999854564667
fedavg,fedavg,434|504,434|504,2,434,data_4000_5_2.0_chordal,val_epoch_task,val,cycle3,26,,,,,,,,,,4000,1975.0,9.0,2004.0,12.0,0.9954637096774194,0.9939607448414696,0.994711697101593,0.994711697101593,0.994711697101593,1987.0,0.49674999713897705
fedavg,fedavg,434|504,434|504,2,434,data_4000_5_2.0_chordal,val_epoch_task,val,cycle4,26,,,,,,,,,,4000,1744.0,42.0,2195.0,19.0,0.9764837625979843,0.9892229154849688,0.9828120470046997,0.9828120470046997,0.9828120470046997,1763.0,0.44075000286102295
fedavg,fedavg,434|504,434|504,2,434,data_4000_5_2.0_chordal,val_epoch_task,val,cycle5,26,,,,,,,,,,4000,1474.0,172.0,2303.0,51.0,0.8955042527339003,0.9665573770491803,0.9296751618385315,0.9296751618385315,0.9296751618385315,1525.0,0.3812499940395355
fedavg,fedavg,434|504,434|504,2,434,data_4000_5_2.0_chordal,val_epoch_task,val,cycle6,26,,,,,,,,,,4000,1050.0,325.0,2536.0,89.0,0.7636363636363637,0.9218612818261633,0.8353222012519836,0.8353222012519836,0.8353222012519836,1139.0,0.2847500145435333
fedavg,fedavg,434|504,434|504,2,504,data_2000_3_11_chordal,train_epoch,train,,26,1.0,0.14095180942863225,,,,,,,,2000,,,,,,,,,,,
fedavg,fedavg,434|504,434|504,2,504,data_2000_3_11_chordal,train_epoch,train,,26,2.0,0.11635056588053704,,,,,,,,2000,,,,,,,,,,,
fedavg,fedavg,434|504,434|504,2,504,data_2000_3_11_chordal,train_epoch,train,,26,3.0,0.1451615192294121,,,,,,,,2000,,,,,,,,,,,
fedavg,fedavg,434|504,434|504,2,504,data_2000_3_11_chordal,train_epoch,train,,26,4.0,0.10472546219825744,,,,,,,,2000,,,,,,,,,,,
fedavg,fedavg,434|504,434|504,2,504,data_2000_3_11_chordal,train_epoch,train,,26,5.0,0.1364428179487586,,,,,,,,2000,,,,,,,,,,,
fedavg,fedavg,434|504,434|504,2,504,data_2000_3_11_chordal,val_epoch,val,,26,,,0.1446772129535675,0.9737,0.8980000019073486,0.8461088355763605,0.8687772750854492,0.8687772750854492,0.8687772750854492,2000,,,,,,,,,,,
fedavg,fedavg,434|504,434|504,2,504,data_2000_3_11_chordal,val_epoch_task,val,cycle2,26,,,,,,,,,,2000,82.0,7.0,1911.0,0.0,0.9213483146067416,1.0,0.9590643644332886,0.9590643644332886,0.9590643644332886,82.0,0.04100000113248825
fedavg,fedavg,434|504,434|504,2,504,data_2000_3_11_chordal,val_epoch_task,val,cycle3,26,,,,,,,,,,2000,128.0,25.0,1847.0,0.0,0.8366013071895425,1.0,0.9110320806503296,0.9110320806503296,0.9110320806503296,128.0,0.06400000303983688
fedavg,fedavg,434|504,434|504,2,504,data_2000_3_11_chordal,val_epoch_task,val,cycle4,26,,,,,,,,,,2000,156.0,37.0,1806.0,1.0,0.8082901554404145,0.9936305732484076,0.8914285898208618,0.8914285898208618,0.8914285898208618,157.0,0.07850000262260437
fedavg,fedavg,434|504,434|504,2,504,data_2000_3_11_chordal,val_epoch_task,val,cycle5,26,,,,,,,,,,2000,179.0,56.0,1757.0,8.0,0.7617021276595745,0.9572192513368984,0.848341166973114,0.848341166973114,0.848341166973114,187.0,0.09350000321865082
fedavg,fedavg,434|504,434|504,2,504,data_2000_3_11_chordal,val_epoch_task,val,cycle6,26,,,,,,,,,,2000,178.0,124.0,1693.0,5.0,0.5894039735099338,0.9726775956284153,0.7340206503868103,0.7340206503868103,0.7340206503868103,183.0,0.09149999916553497
fedavg,fedavg,434|504,434|504,2,434,data_4000_5_2.0_chordal,global_val_client,val,,26,,,0.1456016286611557,0.9422,0.7735000252723694,0.9353178155774395,0.9258155822753906,0.9258155822753906,0.9258155822753906,4000,,,,,,,,,,,
fedavg,fedavg,434|504,434|504,2,434,data_4000_5_2.0_chordal,global_val_client_task,val,cycle2,26,,,,,,,,,,4000,1986.0,9.0,2005.0,0.0,0.9954887218045113,1.0,0.9977392554283142,0.9977392554283142,0.9977392554283142,1986.0,0.4964999854564667
fedavg,fedavg,434|504,434|504,2,434,data_4000_5_2.0_chordal,global_val_client_task,val,cycle3,26,,,,,,,,,,4000,1987.0,24.0,1989.0,0.0,0.9880656389855793,1.0,0.9939969778060913,0.9939969778060913,0.9939969778060913,1987.0,0.49674999713897705
fedavg,fedavg,434|504,434|504,2,434,data_4000_5_2.0_chordal,global_val_client_task,val,cycle4,26,,,,,,,,,,4000,1759.0,180.0,2057.0,4.0,0.9071686436307375,0.9977311401020987,0.9502971172332764,0.9502971172332764,0.9502971172332764,1763.0,0.44075000286102295
fedavg,fedavg,434|504,434|504,2,434,data_4000_5_2.0_chordal,global_val_client_task,val,cycle5,26,,,,,,,,,,4000,1512.0,327.0,2148.0,13.0,0.8221859706362153,0.9914754098360655,0.8989298939704895,0.8989298939704895,0.8989298939704895,1525.0,0.3812499940395355
fedavg,fedavg,434|504,434|504,2,434,data_4000_5_2.0_chordal,global_val_client_task,val,cycle6,26,,,,,,,,,,4000,1114.0,574.0,2287.0,25.0,0.659952606635071,0.9780509218612818,0.7881145477294922,0.7881145477294922,0.7881145477294922,1139.0,0.2847500145435333
fedavg,fedavg,434|504,434|504,2,504,data_2000_3_11_chordal,global_val_client,val,,26,,,0.17732339932769536,0.9803,0.921500027179718,0.8783199505867819,0.8899554014205933,0.8899554014205933,0.8899554014205933,2000,,,,,,,,,,,
fedavg,fedavg,434|504,434|504,2,504,data_2000_3_11_chordal,global_val_client_task,val,cycle2,26,,,,,,,,,,2000,82.0,11.0,1907.0,0.0,0.8817204301075269,1.0,0.9371428489685059,0.9371428489685059,0.9371428489685059,82.0,0.04100000113248825
fedavg,fedavg,434|504,434|504,2,504,data_2000_3_11_chordal,global_val_client_task,val,cycle3,26,,,,,,,,,,2000,128.0,19.0,1853.0,0.0,0.8707482993197279,1.0,0.9309090971946716,0.9309090971946716,0.9309090971946716,128.0,0.06400000303983688
fedavg,fedavg,434|504,434|504,2,504,data_2000_3_11_chordal,global_val_client_task,val,cycle4,26,,,,,,,,,,2000,154.0,28.0,1815.0,3.0,0.8461538461538461,0.9808917197452229,0.9085546135902405,0.9085546135902405,0.9085546135902405,157.0,0.07850000262260437
fedavg,fedavg,434|504,434|504,2,504,data_2000_3_11_chordal,global_val_client_task,val,cycle5,26,,,,,,,,,,2000,179.0,44.0,1769.0,8.0,0.8026905829596412,0.9572192513368984,0.8731706738471985,0.8731706738471985,0.8731706738471985,187.0,0.09350000321865082
fedavg,fedavg,434|504,434|504,2,504,data_2000_3_11_chordal,global_val_client_task,val,cycle6,26,,,,,,,,,,2000,168.0,69.0,1748.0,15.0,0.7088607594936709,0.9180327868852459,0.7999999523162842,0.7999999523162842,0.7999999523162842,183.0,0.09149999916553497
fedavg,fedavg,434|504,434|504,2,all,all,global_val_mean,val,,26,,,0.15617555221666893,0.9549,0.8228333592414856,0.9163185272472204,0.9138621886571249,0.9138621886571249,0.9138621886571249,6000,,,,,,,,,,,
fedavg,fedavg,434|504,434|504,2,434,data_4000_5_2.0_chordal,train_epoch,train,,27,1.0,0.08644813483953476,,,,,,,,4000,,,,,,,,,,,
fedavg,fedavg,434|504,434|504,2,434,data_4000_5_2.0_chordal,train_epoch,train,,27,2.0,0.07703249990940093,,,,,,,,4000,,,,,,,,,,,
fedavg,fedavg,434|504,434|504,2,434,data_4000_5_2.0_chordal,train_epoch,train,,27,3.0,0.08538274040818214,,,,,,,,4000,,,,,,,,,,,
fedavg,fedavg,434|504,434|504,2,434,data_4000_5_2.0_chordal,train_epoch,train,,27,4.0,0.07758469530940056,,,,,,,,4000,,,,,,,,,,,
fedavg,fedavg,434|504,434|504,2,434,data_4000_5_2.0_chordal,train_epoch,train,,27,5.0,0.08498429396748543,,,,,,,,4000,,,,,,,,,,,
fedavg,fedavg,434|504,434|504,2,434,data_4000_5_2.0_chordal,val_epoch,val,,27,,,0.12360608714818955,0.9574,0.8192499876022339,0.9509216589861752,0.94151371717453,0.94151371717453,0.94151371717453,4000,,,,,,,,,,,
fedavg,fedavg,434|504,434|504,2,434,data_4000_5_2.0_chordal,val_epoch_task,val,cycle2,27,,,,,,,,,,4000,1984.0,12.0,2002.0,2.0,0.9939879759519038,0.998992950654582,0.9964842200279236,0.9964842200279236,0.9964842200279236,1986.0,0.4964999854564667
fedavg,fedavg,434|504,434|504,2,434,data_4000_5_2.0_chordal,val_epoch_task,val,cycle3,27,,,,,,,,,,4000,1982.0,19.0,1994.0,5.0,0.9905047476261869,0.9974836436839456,0.9939819574356079,0.9939819574356079,0.9939819574356079,1987.0,0.49674999713897705
fedavg,fedavg,434|504,434|504,2,434,data_4000_5_2.0_chordal,val_epoch_task,val,cycle4,27,,,,,,,,,,4000,1729.0,48.0,2189.0,34.0,0.9729881823297692,0.9807146908678389,0.9768361449241638,0.9768361449241638,0.9768361449241638,1763.0,0.44075000286102295
fedavg,fedavg,434|504,434|504,2,434,data_4000_5_2.0_chordal,val_epoch_task,val,cycle5,27,,,,,,,,,,4000,1468.0,167.0,2308.0,57.0,0.8978593272171254,0.9626229508196721,0.9291139841079712,0.9291139841079712,0.9291139841079712,1525.0,0.3812499940395355
fedavg,fedavg,434|504,434|504,2,434,data_4000_5_2.0_chordal,val_epoch_task,val,cycle6,27,,,,,,,,,,4000,1091.0,460.0,2401.0,48.0,0.7034171502256609,0.9578577699736611,0.8111523985862732,0.8111523985862732,0.8111523985862732,1139.0,0.2847500145435333
fedavg,fedavg,434|504,434|504,2,504,data_2000_3_11_chordal,train_epoch,train,,27,1.0,0.12702033293247222,,,,,,,,2000,,,,,,,,,,,
fedavg,fedavg,434|504,434|504,2,504,data_2000_3_11_chordal,train_epoch,train,,27,2.0,0.13218084552884102,,,,,,,,2000,,,,,,,,,,,
fedavg,fedavg,434|504,434|504,2,504,data_2000_3_11_chordal,train_epoch,train,,27,3.0,0.10521976381540299,,,,,,,,2000,,,,,,,,,,,
fedavg,fedavg,434|504,434|504,2,504,data_2000_3_11_chordal,train_epoch,train,,27,4.0,0.15489179790019988,,,,,,,,2000,,,,,,,,,,,
fedavg,fedavg,434|504,434|504,2,504,data_2000_3_11_chordal,train_epoch,train,,27,5.0,0.13599448013305665,,,,,,,,2000,,,,,,,,,,,
fedavg,fedavg,434|504,434|504,2,504,data_2000_3_11_chordal,val_epoch,val,,27,,,0.134603705316782,0.9678,0.8865000009536743,0.8191011235955057,0.8466058969497681,0.8466058969497681,0.8466058969497681,2000,,,,,,,,,,,
fedavg,fedavg,434|504,434|504,2,504,data_2000_3_11_chordal,val_epoch_task,val,cycle2,27,,,,,,,,,,2000,81.0,12.0,1906.0,1.0,0.8709677419354839,0.9878048780487805,0.9257143139839172,0.9257143139839172,0.9257143139839172,82.0,0.04100000113248825
fedavg,fedavg,434|504,434|504,2,504,data_2000_3_11_chordal,val_epoch_task,val,cycle3,27,,,,,,,,,,2000,128.0,18.0,1854.0,0.0,0.8767123287671232,1.0,0.9343065619468689,0.9343065619468689,0.9343065619468689,128.0,0.06400000303983688
fedavg,fedavg,434|504,434|504,2,504,data_2000_3_11_chordal,val_epoch_task,val,cycle4,27,,,,,,,,,,2000,157.0,40.0,1803.0,0.0,0.7969543147208121,1.0,0.887005627155304,0.887005627155304,0.887005627155304,157.0,0.07850000262260437
fedavg,fedavg,434|504,434|504,2,504,data_2000_3_11_chordal,val_epoch_task,val,cycle5,27,,,,,,,,,,2000,187.0,127.0,1686.0,0.0,0.5955414012738853,1.0,0.7465069890022278,0.7465069890022278,0.7465069890022278,187.0,0.09350000321865082
fedavg,fedavg,434|504,434|504,2,504,data_2000_3_11_chordal,val_epoch_task,val,cycle6,27,,,,,,,,,,2000,176.0,117.0,1700.0,7.0,0.6006825938566553,0.9617486338797814,0.7394957542419434,0.7394957542419434,0.7394957542419434,183.0,0.09149999916553497
fedavg,fedavg,434|504,434|504,2,434,data_4000_5_2.0_chordal,global_val_client,val,,27,,,0.1727145688533783,0.93315,0.7415000200271606,0.9259566926953536,0.9163041114807129,0.9163041114807129,0.9163041114807129,4000,,,,,,,,,,,
fedavg,fedavg,434|504,434|504,2,434,data_4000_5_2.0_chordal,global_val_client_task,val,cycle2,27,,,,,,,,,,4000,1986.0,10.0,2004.0,0.0,0.9949899799599199,1.0,0.9974886775016785,0.9974886775016785,0.9974886775016785,1986.0,0.4964999854564667
fedavg,fedavg,434|504,434|504,2,434,data_4000_5_2.0_chordal,global_val_client_task,val,cycle3,27,,,,,,,,,,4000,1987.0,17.0,1996.0,0.0,0.9915169660678643,1.0,0.9957404136657715,0.9957404136657715,0.9957404136657715,1987.0,0.49674999713897705
fedavg,fedavg,434|504,434|504,2,434,data_4000_5_2.0_chordal,global_val_client_task,val,cycle4,27,,,,,,,,,,4000,1753.0,127.0,2110.0,10.0,0.9324468085106383,0.9943278502552467,0.9623936414718628,0.9623936414718628,0.9623936414718628,1763.0,0.44075000286102295
fedavg,fedavg,434|504,434|504,2,434,data_4000_5_2.0_chordal,global_val_client_task,val,cycle5,27,,,,,,,,,,4000,1523.0,461.0,2014.0,2.0,0.7676411290322581,0.9986885245901639,0.8680536150932312,0.8680536150932312,0.8680536150932312,1525.0,0.3812499940395355
fedavg,fedavg,434|504,434|504,2,434,data_4000_5_2.0_chordal,global_val_client_task,val,cycle6,27,,,,,,,,,,4000,1111.0,682.0,2179.0,28.0,0.6196319018404908,0.9754170324846356,0.7578445076942444,0.7578445076942444,0.7578445076942444,1139.0,0.2847500145435333
fedavg,fedavg,434|504,434|504,2,504,data_2000_3_11_chordal,global_val_client,val,,27,,,0.10398734292387962,0.9786,0.9104999899864197,0.8718562874251498,0.8916351199150085,0.8916351199150085,0.8916351199150085,2000,,,,,,,,,,,
fedavg,fedavg,434|504,434|504,2,504,data_2000_3_11_chordal,global_val_client_task,val,cycle2,27,,,,,,,,,,2000,82.0,10.0,1908.0,0.0,0.8913043478260869,1.0,0.9425287246704102,0.9425287246704102,0.9425287246704102,82.0,0.04100000113248825
fedavg,fedavg,434|504,434|504,2,504,data_2000_3_11_chordal,global_val_client_task,val,cycle3,27,,,,,,,,,,2000,128.0,11.0,1861.0,0.0,0.920863309352518,1.0,0.9588015079498291,0.9588015079498291,0.9588015079498291,128.0,0.06400000303983688
fedavg,fedavg,434|504,434|504,2,504,data_2000_3_11_chordal,global_val_client_task,val,cycle4,27,,,,,,,,,,2000,155.0,16.0,1827.0,2.0,0.9064327485380117,0.9872611464968153,0.9451219439506531,0.9451219439506531,0.9451219439506531,157.0,0.07850000262260437
fedavg,fedavg,434|504,434|504,2,504,data_2000_3_11_chordal,global_val_client_task,val,cycle5,27,,,,,,,,,,2000,187.0,75.0,1738.0,0.0,0.7137404580152672,1.0,0.832962155342102,0.832962155342102,0.832962155342102,187.0,0.09350000321865082
fedavg,fedavg,434|504,434|504,2,504,data_2000_3_11_chordal,global_val_client_task,val,cycle6,27,,,,,,,,,,2000,176.0,93.0,1724.0,7.0,0.654275092936803,0.9617486338797814,0.778761088848114,0.778761088848114,0.778761088848114,183.0,0.09149999916553497
fedavg,fedavg,434|504,434|504,2,all,all,global_val_mean,val,,27,,,0.14980549354354541,0.9483,0.7978333433469137,0.9079232242719524,0.9080811142921448,0.9080811142921448,0.9080811142921448,6000,,,,,,,,,,,
fedavg,fedavg,434|504,434|504,2,434,data_4000_5_2.0_chordal,train_epoch,train,,28,1.0,0.08266620767116546,,,,,,,,4000,,,,,,,,,,,
fedavg,fedavg,434|504,434|504,2,434,data_4000_5_2.0_chordal,train_epoch,train,,28,2.0,0.08230574783682823,,,,,,,,4000,,,,,,,,,,,
fedavg,fedavg,434|504,434|504,2,434,data_4000_5_2.0_chordal,train_epoch,train,,28,3.0,0.07868595138192176,,,,,,,,4000,,,,,,,,,,,
fedavg,fedavg,434|504,434|504,2,434,data_4000_5_2.0_chordal,train_epoch,train,,28,4.0,0.08493376272916794,,,,,,,,4000,,,,,,,,,,,
fedavg,fedavg,434|504,434|504,2,434,data_4000_5_2.0_chordal,train_epoch,train,,28,5.0,0.08575028836727143,,,,,,,,4000,,,,,,,,,,,
fedavg,fedavg,434|504,434|504,2,434,data_4000_5_2.0_chordal,val_epoch,val,,28,,,0.12115965920686722,0.96035,0.8387500047683716,0.9537851856168774,0.9439054727554321,0.9439054727554321,0.9439054727554321,4000,,,,,,,,,,,
fedavg,fedavg,434|504,434|504,2,434,data_4000_5_2.0_chordal,val_epoch_task,val,cycle2,28,,,,,,,,,,4000,1984.0,19.0,1995.0,2.0,0.9905142286570144,0.998992950654582,0.9947355389595032,0.9947355389595032,0.9947355389595032,1986.0,0.4964999854564667
fedavg,fedavg,434|504,434|504,2,434,data_4000_5_2.0_chordal,val_epoch_task,val,cycle3,28,,,,,,,,,,4000,1979.0,17.0,1996.0,8.0,0.9914829659318637,0.995973829894313,0.9937233328819275,0.9937233328819275,0.9937233328819275,1987.0,0.49674999713897705
fedavg,fedavg,434|504,434|504,2,434,data_4000_5_2.0_chordal,val_epoch_task,val,cycle4,28,,,,,,,,,,4000,1726.0,36.0,2201.0,37.0,0.9795686719636776,0.979013045944413,0.979290783405304,0.979290783405304,0.979290783405304,1763.0,0.44075000286102295
fedavg,fedavg,434|504,434|504,2,434,data_4000_5_2.0_chordal,val_epoch_task,val,cycle5,28,,,,,,,,,,4000,1460.0,202.0,2273.0,65.0,0.8784596871239471,0.9573770491803278,0.9162221550941467,0.9162221550941467,0.9162221550941467,1525.0,0.3812499940395355
fedavg,fedavg,434|504,434|504,2,434,data_4000_5_2.0_chordal,val_epoch_task,val,cycle6,28,,,,,,,,,,4000,1034.0,302.0,2559.0,105.0,0.7739520958083832,0.9078138718173837,0.8355555534362793,0.8355555534362793,0.8355555534362793,1139.0,0.2847500145435333
fedavg,fedavg,434|504,434|504,2,504,data_2000_3_11_chordal,train_epoch,train,,28,1.0,0.1332524040779099,,,,,,,,2000,,,,,,,,,,,
fedavg,fedavg,434|504,434|504,2,504,data_2000_3_11_chordal,train_epoch,train,,28,2.0,0.13146291995048523,,,,,,,,2000,,,,,,,,,,,
fedavg,fedavg,434|504,434|504,2,504,data_2000_3_11_chordal,train_epoch,train,,28,3.0,0.13798039101809262,,,,,,,,2000,,,,,,,,,,,
fedavg,fedavg,434|504,434|504,2,504,data_2000_3_11_chordal,train_epoch,train,,28,4.0,0.10252524155378341,,,,,,,,2000,,,,,,,,,,,
fedavg,fedavg,434|504,434|504,2,504,data_2000_3_11_chordal,train_epoch,train,,28,5.0,0.2091649617552757,,,,,,,,2000,,,,,,,,,,,
fedavg,fedavg,434|504,434|504,2,504,data_2000_3_11_chordal,val_epoch,val,,28,,,0.1625109940767288,0.9589,0.8389999866485596,0.7798607391537227,0.8222485780715942,0.8222485780715942,0.8222485780715942,2000,,,,,,,,,,,
fedavg,fedavg,434|504,434|504,2,504,data_2000_3_11_chordal,val_epoch_task,val,cycle2,28,,,,,,,,,,2000,82.0,14.0,1904.0,0.0,0.8541666666666666,1.0,0.9213482737541199,0.9213482737541199,0.9213482737541199,82.0,0.04100000113248825
fedavg,fedavg,434|504,434|504,2,504,data_2000_3_11_chordal,val_epoch_task,val,cycle3,28,,,,,,,,,,2000,127.0,14.0,1858.0,1.0,0.900709219858156,0.9921875,0.9442379474639893,0.9442379474639893,0.9442379474639893,128.0,0.06400000303983688
fedavg,fedavg,434|504,434|504,2,504,data_2000_3_11_chordal,val_epoch_task,val,cycle4,28,,,,,,,,,,2000,157.0,40.0,1803.0,0.0,0.7969543147208121,1.0,0.887005627155304,0.887005627155304,0.887005627155304,157.0,0.07850000262260437
fedavg,fedavg,434|504,434|504,2,504,data_2000_3_11_chordal,val_epoch_task,val,cycle5,28,,,,,,,,,,2000,185.0,157.0,1656.0,2.0,0.5409356725146199,0.9893048128342246,0.699432909488678,0.699432909488678,0.699432909488678,187.0,0.09350000321865082
fedavg,fedavg,434|504,434|504,2,504,data_2000_3_11_chordal,val_epoch_task,val,cycle6,28,,,,,,,,,,2000,177.0,177.0,1640.0,6.0,0.5,0.9672131147540983,0.6592178344726562,0.6592178344726562,0.6592178344726562,183.0,0.09149999916553497
fedavg,fedavg,434|504,434|504,2,434,data_4000_5_2.0_chordal,global_val_client,val,,28,,,0.15027726757526397,0.942,0.7702500224113464,0.9349119066322523,0.9251813888549805,0.9251813888549805,0.9251813888549805,4000,,,,,,,,,,,
fedavg,fedavg,434|504,434|504,2,434,data_4000_5_2.0_chordal,global_val_client_task,val,cycle2,28,,,,,,,,,,4000,1986.0,22.0,1992.0,0.0,0.9890438247011952,1.0,0.9944917559623718,0.9944917559623718,0.9944917559623718,1986.0,0.4964999854564667
fedavg,fedavg,434|504,434|504,2,434,data_4000_5_2.0_chordal,global_val_client_task,val,cycle3,28,,,,,,,,,,4000,1985.0,23.0,1990.0,2.0,0.9885458167330677,0.9989934574735783,0.9937421679496765,0.9937421679496765,0.9937421679496765,1987.0,0.49674999713897705
fedavg,fedavg,434|504,434|504,2,434,data_4000_5_2.0_chordal,global_val_client_task,val,cycle4,28,,,,,,,,,,4000,1759.0,115.0,2122.0,4.0,0.9386339381003201,0.9977311401020987,0.9672806859016418,0.9672806859016418,0.9672806859016418,1763.0,0.44075000286102295
fedavg,fedavg,434|504,434|504,2,434,data_4000_5_2.0_chordal,global_val_client_task,val,cycle5,28,,,,,,,,,,4000,1511.0,429.0,2046.0,14.0,0.7788659793814433,0.9908196721311475,0.8721500635147095,0.8721500635147095,0.8721500635147095,1525.0,0.3812499940395355
fedavg,fedavg,434|504,434|504,2,434,data_4000_5_2.0_chordal,global_val_client_task,val,cycle6,28,,,,,,,,,,4000,1090.0,502.0,2359.0,49.0,0.6846733668341709,0.9569798068481123,0.7982423901557922,0.7982423901557922,0.7982423901557922,1139.0,0.2847500145435333
fedavg,fedavg,434|504,434|504,2,504,data_2000_3_11_chordal,global_val_client,val,,28,,,0.1277896388694644,0.9801,0.9160000085830688,0.8788800973828362,0.8974234461784363,0.8974234461784363,0.8974234461784363,2000,,,,,,,,,,,
fedavg,fedavg,434|504,434|504,2,504,data_2000_3_11_chordal,global_val_client_task,val,cycle2,28,,,,,,,,,,2000,82.0,6.0,1912.0,0.0,0.9318181818181818,1.0,0.9647058844566345,0.9647058844566345,0.9647058844566345,82.0,0.04100000113248825
fedavg,fedavg,434|504,434|504,2,504,data_2000_3_11_chordal,global_val_client_task,val,cycle3,28,,,,,,,,,,2000,128.0,19.0,1853.0,0.0,0.8707482993197279,1.0,0.9309090971946716,0.9309090971946716,0.9309090971946716,128.0,0.06400000303983688
fedavg,fedavg,434|504,434|504,2,504,data_2000_3_11_chordal,global_val_client_task,val,cycle4,28,,,,,,,,,,2000,157.0,12.0,1831.0,0.0,0.9289940828402367,1.0,0.9631901979446411,0.9631901979446411,0.9631901979446411,157.0,0.07850000262260437
fedavg,fedavg,434|504,434|504,2,504,data_2000_3_11_chordal,global_val_client_task,val,cycle5,28,,,,,,,,,,2000,184.0,66.0,1747.0,3.0,0.736,0.983957219251337,0.8421052694320679,0.8421052694320679,0.8421052694320679,187.0,0.09350000321865082
fedavg,fedavg,434|504,434|504,2,504,data_2000_3_11_chordal,global_val_client_task,val,cycle6,28,,,,,,,,,,2000,171.0,81.0,1736.0,12.0,0.6785714285714286,0.9344262295081968,0.7862069010734558,0.7862069010734558,0.7862069010734558,183.0,0.09149999916553497
fedavg,fedavg,434|504,434|504,2,all,all,global_val_mean,val,,28,,,0.14278139133999745,0.9547,0.8188333511352539,0.9162346368824469,0.9159287412961324,0.9159287412961324,0.9159287412961324,6000,,,,,,,,,,,
fedavg,fedavg,434|504,434|504,2,434,data_4000_5_2.0_chordal,train_epoch,train,,29,1.0,0.0837849374115467,,,,,,,,4000,,,,,,,,,,,
fedavg,fedavg,434|504,434|504,2,434,data_4000_5_2.0_chordal,train_epoch,train,,29,2.0,0.08604633593559265,,,,,,,,4000,,,,,,,,,,,
fedavg,fedavg,434|504,434|504,2,434,data_4000_5_2.0_chordal,train_epoch,train,,29,3.0,0.08299374330043793,,,,,,,,4000,,,,,,,,,,,
fedavg,fedavg,434|504,434|504,2,434,data_4000_5_2.0_chordal,train_epoch,train,,29,4.0,0.08441031223535538,,,,,,,,4000,,,,,,,,,,,
fedavg,fedavg,434|504,434|504,2,434,data_4000_5_2.0_chordal,train_epoch,train,,29,5.0,0.08437943398952484,,,,,,,,4000,,,,,,,,,,,
fedavg,fedavg,434|504,434|504,2,434,data_4000_5_2.0_chordal,val_epoch,val,,29,,,0.11716505908966064,0.9651,0.8585000038146973,0.9588103387230025,0.9489895105361938,0.9489895105361938,0.9489895105361938,4000,,,,,,,,,,,
fedavg,fedavg,434|504,434|504,2,434,data_4000_5_2.0_chordal,val_epoch_task,val,cycle2,29,,,,,,,,,,4000,1986.0,28.0,1986.0,0.0,0.9860973187686196,1.0,0.9930000305175781,0.9930000305175781,0.9930000305175781,1986.0,0.4964999854564667
fedavg,fedavg,434|504,434|504,2,434,data_4000_5_2.0_chordal,val_epoch_task,val,cycle3,29,,,,,,,,,,4000,1979.0,18.0,1995.0,8.0,0.9909864797195793,0.995973829894313,0.9934738874435425,0.9934738874435425,0.9934738874435425,1987.0,0.49674999713897705
fedavg,fedavg,434|504,434|504,2,434,data_4000_5_2.0_chordal,val_epoch_task,val,cycle4,29,,,,,,,,,,4000,1708.0,15.0,2222.0,55.0,0.9912942542077772,0.968803176403857,0.9799197316169739,0.9799197316169739,0.9799197316169739,1763.0,0.44075000286102295
fedavg,fedavg,434|504,434|504,2,434,data_4000_5_2.0_chordal,val_epoch_task,val,cycle5,29,,,,,,,,,,4000,1440.0,106.0,2369.0,85.0,0.9314359637774903,0.9442622950819672,0.9378052353858948,0.9378052353858948,0.9378052353858948,1525.0,0.3812499940395355
fedavg,fedavg,434|504,434|504,2,434,data_4000_5_2.0_chordal,val_epoch_task,val,cycle6,29,,,,,,,,,,4000,1011.0,255.0,2606.0,128.0,0.7985781990521327,0.887620719929763,0.8407484889030457,0.8407484889030457,0.8407484889030457,1139.0,0.2847500145435333
fedavg,fedavg,434|504,434|504,2,504,data_2000_3_11_chordal,train_epoch,train,,29,1.0,0.14200026824884115,,,,,,,,2000,,,,,,,,,,,
fedavg,fedavg,434|504,434|504,2,504,data_2000_3_11_chordal,train_epoch,train,,29,2.0,0.13130078452825547,,,,,,,,2000,,,,,,,,,,,
fedavg,fedavg,434|504,434|504,2,504,data_2000_3_11_chordal,train_epoch,train,,29,3.0,0.14589324030280112,,,,,,,,2000,,,,,,,,,,,
fedavg,fedavg,434|504,434|504,2,504,data_2000_3_11_chordal,train_epoch,train,,29,4.0,0.12467288863658905,,,,,,,,2000,,,,,,,,,,,
fedavg,fedavg,434|504,434|504,2,504,data_2000_3_11_chordal,train_epoch,train,,29,5.0,0.13524318289756776,,,,,,,,2000,,,,,,,,,,,
fedavg,fedavg,434|504,434|504,2,504,data_2000_3_11_chordal,val_epoch,val,,29,,,0.12329885023832321,0.9686,0.8765000104904175,0.8235955056179776,0.8528792262077332,0.8528792262077332,0.8528792262077332,2000,,,,,,,,,,,
fedavg,fedavg,434|504,434|504,2,504,data_2000_3_11_chordal,val_epoch_task,val,cycle2,29,,,,,,,,,,2000,82.0,11.0,1907.0,0.0,0.8817204301075269,1.0,0.9371428489685059,0.9371428489685059,0.9371428489685059,82.0,0.04100000113248825
fedavg,fedavg,434|504,434|504,2,504,data_2000_3_11_chordal,val_epoch_task,val,cycle3,29,,,,,,,,,,2000,128.0,20.0,1852.0,0.0,0.8648648648648649,1.0,0.9275362491607666,0.9275362491607666,0.9275362491607666,128.0,0.06400000303983688
fedavg,fedavg,434|504,434|504,2,504,data_2000_3_11_chordal,val_epoch_task,val,cycle4,29,,,,,,,,,,2000,156.0,35.0,1808.0,1.0,0.8167539267015707,0.9936305732484076,0.8965517282485962,0.8965517282485962,0.8965517282485962,157.0,0.07850000262260437
fedavg,fedavg,434|504,434|504,2,504,data_2000_3_11_chordal,val_epoch_task,val,cycle5,29,,,,,,,,,,2000,187.0,88.0,1725.0,0.0,0.68,1.0,0.8095237612724304,0.8095237612724304,0.8095237612724304,187.0,0.09350000321865082
fedavg,fedavg,434|504,434|504,2,504,data_2000_3_11_chordal,val_epoch_task,val,cycle6,29,,,,,,,,,,2000,180.0,156.0,1661.0,3.0,0.5357142857142857,0.9836065573770492,0.6936416029930115,0.6936416029930115,0.6936416029930115,183.0,0.09149999916553497
fedavg,fedavg,434|504,434|504,2,434,data_4000_5_2.0_chordal,global_val_client,val,,29,,,0.15736546933650972,0.93975,0.7647500038146973,0.9327379291096848,0.9230729937553406,0.9230729937553406,0.9230729937553406,4000,,,,,,,,,,,
fedavg,fedavg,434|504,434|504,2,434,data_4000_5_2.0_chordal,global_val_client_task,val,cycle2,29,,,,,,,,,,4000,1986.0,20.0,1994.0,0.0,0.9900299102691924,1.0,0.9949899911880493,0.9949899911880493,0.9949899911880493,1986.0,0.4964999854564667
fedavg,fedavg,434|504,434|504,2,434,data_4000_5_2.0_chordal,global_val_client_task,val,cycle3,29,,,,,,,,,,4000,1987.0,21.0,1992.0,0.0,0.9895418326693227,1.0,0.9947434663772583,0.9947434663772583,0.9947434663772583,1987.0,0.49674999713897705
fedavg,fedavg,434|504,434|504,2,434,data_4000_5_2.0_chordal,global_val_client_task,val,cycle4,29,,,,,,,,,,4000,1757.0,132.0,2105.0,6.0,0.9301217575436739,0.996596710153148,0.9622125029563904,0.9622125029563904,0.9622125029563904,1763.0,0.44075000286102295
fedavg,fedavg,434|504,434|504,2,434,data_4000_5_2.0_chordal,global_val_client_task,val,cycle5,29,,,,,,,,,,4000,1514.0,383.0,2092.0,11.0,0.7981022667369531,0.9927868852459016,0.8848626613616943,0.8848626613616943,0.8848626613616943,1525.0,0.3812499940395355
fedavg,fedavg,434|504,434|504,2,434,data_4000_5_2.0_chordal,global_val_client_task,val,cycle6,29,,,,,,,,,,4000,1111.0,604.0,2257.0,28.0,0.6478134110787171,0.9754170324846356,0.7785564661026001,0.7785564661026001,0.7785564661026001,1139.0,0.2847500145435333
fedavg,fedavg,434|504,434|504,2,504,data_2000_3_11_chordal,global_val_client,val,,29,,,0.1145995269715786,0.9823,0.9279999732971191,0.8906732550957381,0.9021244049072266,0.9021244049072266,0.9021244049072266,2000,,,,,,,,,,,
fedavg,fedavg,434|504,434|504,2,504,data_2000_3_11_chordal,global_val_client_task,val,cycle2,29,,,,,,,,,,2000,82.0,15.0,1903.0,0.0,0.845360824742268,1.0,0.916201114654541,0.916201114654541,0.916201114654541,82.0,0.04100000113248825
fedavg,fedavg,434|504,434|504,2,504,data_2000_3_11_chordal,global_val_client_task,val,cycle3,29,,,,,,,,,,2000,128.0,8.0,1864.0,0.0,0.9411764705882353,1.0,0.9696969985961914,0.9696969985961914,0.9696969985961914,128.0,0.06400000303983688
fedavg,fedavg,434|504,434|504,2,504,data_2000_3_11_chordal,global_val_client_task,val,cycle4,29,,,,,,,,,,2000,155.0,17.0,1826.0,2.0,0.9011627906976745,0.9872611464968153,0.9422492980957031,0.9422492980957031,0.9422492980957031,157.0,0.07850000262260437
fedavg,fedavg,434|504,434|504,2,504,data_2000_3_11_chordal,global_val_client_task,val,cycle5,29,,,,,,,,,,2000,181.0,47.0,1766.0,6.0,0.793859649122807,0.9679144385026738,0.87228924036026,0.87228924036026,0.87228924036026,187.0,0.09350000321865082
fedavg,fedavg,434|504,434|504,2,504,data_2000_3_11_chordal,global_val_client_task,val,cycle6,29,,,,,,,,,,2000,175.0,74.0,1743.0,8.0,0.7028112449799196,0.9562841530054644,0.8101851940155029,0.8101851940155029,0.8101851940155029,183.0,0.09149999916553497
fedavg,fedavg,434|504,434|504,2,all,all,global_val_mean,val,,29,,,0.143110155214866,0.9539333333333334,0.8191666603088379,0.9187163711050359,0.9160901308059692,0.9160901308059692,0.9160901308059692,6000,,,,,,,,,,,
fedavg,fedavg,434|504,434|504,2,434,data_4000_5_2.0_chordal,train_epoch,train,,30,1.0,0.09322740797698498,,,,,,,,4000,,,,,,,,,,,
fedavg,fedavg,434|504,434|504,2,434,data_4000_5_2.0_chordal,train_epoch,train,,30,2.0,0.07671426764130593,,,,,,,,4000,,,,,,,,,,,
fedavg,fedavg,434|504,434|504,2,434,data_4000_5_2.0_chordal,train_epoch,train,,30,3.0,0.07751468014717101,,,,,,,,4000,,,,,,,,,,,
fedavg,fedavg,434|504,434|504,2,434,data_4000_5_2.0_chordal,train_epoch,train,,30,4.0,0.0784725593328476,,,,,,,,4000,,,,,,,,,,,
fedavg,fedavg,434|504,434|504,2,434,data_4000_5_2.0_chordal,train_epoch,train,,30,5.0,0.07279997728765011,,,,,,,,4000,,,,,,,,,,,
fedavg,fedavg,434|504,434|504,2,434,data_4000_5_2.0_chordal,val_epoch,val,,30,,,0.13989218336343764,0.96355,0.8495000004768372,0.9564698154893414,0.9436678886413574,0.9436678886413574,0.9436678886413574,4000,,,,,,,,,,,
fedavg,fedavg,434|504,434|504,2,434,data_4000_5_2.0_chordal,val_epoch_task,val,cycle2,30,,,,,,,,,,4000,1985.0,12.0,2002.0,1.0,0.9939909864797196,0.999496475327291,0.9967361688613892,0.9967361688613892,0.9967361688613892,1986.0,0.4964999854564667
fedavg,fedavg,434|504,434|504,2,434,data_4000_5_2.0_chordal,val_epoch_task,val,cycle3,30,,,,,,,,,,4000,1984.0,19.0,1994.0,3.0,0.9905142286570144,0.9984901862103673,0.9944862127304077,0.9944862127304077,0.9944862127304077,1987.0,0.49674999713897705
fedavg,fedavg,434|504,434|504,2,434,data_4000_5_2.0_chordal,val_epoch_task,val,cycle4,30,,,,,,,,,,4000,1720.0,44.0,2193.0,43.0,0.9750566893424036,0.975609756097561,0.9753332138061523,0.9753332138061523,0.9753332138061523,1763.0,0.44075000286102295
fedavg,fedavg,434|504,434|504,2,434,data_4000_5_2.0_chordal,val_epoch_task,val,cycle5,30,,,,,,,,,,4000,1412.0,103.0,2372.0,113.0,0.932013201320132,0.9259016393442623,0.928947389125824,0.928947389125824,0.928947389125824,1525.0,0.3812499940395355
fedavg,fedavg,434|504,434|504,2,434,data_4000_5_2.0_chordal,val_epoch_task,val,cycle6,30,,,,,,,,,,4000,908.0,160.0,2701.0,231.0,0.850187265917603,0.797190517998244,0.8228365182876587,0.8228365182876587,0.8228365182876587,1139.0,0.2847500145435333
fedavg,fedavg,434|504,434|504,2,504,data_2000_3_11_chordal,train_epoch,train,,30,1.0,0.127589034486562,,,,,,,,2000,,,,,,,,,,,
fedavg,fedavg,434|504,434|504,2,504,data_2000_3_11_chordal,train_epoch,train,,30,2.0,0.10840685749053955,,,,,,,,2000,,,,,,,,,,,
fedavg,fedavg,434|504,434|504,2,504,data_2000_3_11_chordal,train_epoch,train,,30,3.0,0.13925536277890205,,,,,,,,2000,,,,,,,,,,,
fedavg,fedavg,434|504,434|504,2,504,data_2000_3_11_chordal,train_epoch,train,,30,4.0,0.12351963365077973,,,,,,,,2000,,,,,,,,,,,
fedavg,fedavg,434|504,434|504,2,504,data_2000_3_11_chordal,train_epoch,train,,30,5.0,0.10607709713280201,,,,,,,,2000,,,,,,,,,,,
fedavg,fedavg,434|504,434|504,2,504,data_2000_3_11_chordal,val_epoch,val,,30,,,0.17876028335094452,0.979,0.9179999828338623,0.8702101359703337,0.888220489025116,0.888220489025116,0.888220489025116,2000,,,,,,,,,,,
fedavg,fedavg,434|504,434|504,2,504,data_2000_3_11_chordal,val_epoch_task,val,cycle2,30,,,,,,,,,,2000,82.0,11.0,1907.0,0.0,0.8817204301075269,1.0,0.9371428489685059,0.9371428489685059,0.9371428489685059,82.0,0.04100000113248825
fedavg,fedavg,434|504,434|504,2,504,data_2000_3_11_chordal,val_epoch_task,val,cycle3,30,,,,,,,,,,2000,126.0,12.0,1860.0,2.0,0.9130434782608695,0.984375,0.9473684430122375,0.9473684430122375,0.9473684430122375,128.0,0.06400000303983688
fedavg,fedavg,434|504,434|504,2,504,data_2000_3_11_chordal,val_epoch_task,val,cycle4,30,,,,,,,,,,2000,147.0,11.0,1832.0,10.0,0.930379746835443,0.9363057324840764,0.9333333373069763,0.9333333373069763,0.9333333373069763,157.0,0.07850000262260437
fedavg,fedavg,434|504,434|504,2,504,data_2000_3_11_chordal,val_epoch_task,val,cycle5,30,,,,,,,,,,2000,176.0,49.0,1764.0,11.0,0.7822222222222223,0.9411764705882353,0.8543689250946045,0.8543689250946045,0.8543689250946045,187.0,0.09350000321865082
fedavg,fedavg,434|504,434|504,2,504,data_2000_3_11_chordal,val_epoch_task,val,cycle6,30,,,,,,,,,,2000,173.0,94.0,1723.0,10.0,0.6479400749063671,0.9453551912568307,0.7688888311386108,0.7688888311386108,0.7688888311386108,183.0,0.09149999916553497
fedavg,fedavg,434|504,434|504,2,434,data_4000_5_2.0_chordal,global_val_client,val,,30,,,0.12774615502357484,0.95315,0.8117499947547913,0.9466977643779511,0.9369910955429077,0.9369910955429077,0.9369910955429077,4000,,,,,,,,,,,
fedavg,fedavg,434|504,434|504,2,434,data_4000_5_2.0_chordal,global_val_client_task,val,cycle2,30,,,,,,,,,,4000,1986.0,12.0,2002.0,0.0,0.993993993993994,1.0,0.9969879388809204,0.9969879388809204,0.9969879388809204,1986.0,0.4964999854564667
fedavg,fedavg,434|504,434|504,2,434,data_4000_5_2.0_chordal,global_val_client_task,val,cycle3,30,,,,,,,,,,4000,1987.0,18.0,1995.0,0.0,0.9910224438902743,1.0,0.9954909682273865,0.9954909682273865,0.9954909682273865,1987.0,0.49674999713897705
fedavg,fedavg,434|504,434|504,2,434,data_4000_5_2.0_chordal,global_val_client_task,val,cycle4,30,,,,,,,,,,4000,1757.0,99.0,2138.0,6.0,0.9466594827586207,0.996596710153148,0.970986545085907,0.970986545085907,0.970986545085907,1763.0,0.44075000286102295
fedavg,fedavg,434|504,434|504,2,434,data_4000_5_2.0_chordal,global_val_client_task,val,cycle5,30,,,,,,,,,,4000,1507.0,283.0,2192.0,18.0,0.8418994413407821,0.9881967213114754,0.9092006087303162,0.9092006087303162,0.9092006087303162,1525.0,0.3812499940395355
fedavg,fedavg,434|504,434|504,2,434,data_4000_5_2.0_chordal,global_val_client_task,val,cycle6,30,,,,,,,,,,4000,1084.0,446.0,2415.0,55.0,0.7084967320261438,0.95171202809482,0.812289297580719,0.812289297580719,0.812289297580719,1139.0,0.2847500145435333
fedavg,fedavg,434|504,434|504,2,504,data_2000_3_11_chordal,global_val_client,val,,30,,,0.10501086312532425,0.9854,0.9359999895095825,0.9084065244667503,0.9210182428359985,0.9210182428359985,0.9210182428359985,2000,,,,,,,,,,,
fedavg,fedavg,434|504,434|504,2,504,data_2000_3_11_chordal,global_val_client_task,val,cycle2,30,,,,,,,,,,2000,82.0,6.0,1912.0,0.0,0.9318181818181818,1.0,0.9647058844566345,0.9647058844566345,0.9647058844566345,82.0,0.04100000113248825
fedavg,fedavg,434|504,434|504,2,504,data_2000_3_11_chordal,global_val_client_task,val,cycle3,30,,,,,,,,,,2000,128.0,9.0,1863.0,0.0,0.9343065693430657,1.0,0.9660376906394958,0.9660376906394958,0.9660376906394958,128.0,0.06400000303983688
fedavg,fedavg,434|504,434|504,2,504,data_2000_3_11_chordal,global_val_client_task,val,cycle4,30,,,,,,,,,,2000,156.0,16.0,1827.0,1.0,0.9069767441860465,0.9936305732484076,0.9483283162117004,0.9483283162117004,0.9483283162117004,157.0,0.07850000262260437
fedavg,fedavg,434|504,434|504,2,504,data_2000_3_11_chordal,global_val_client_task,val,cycle5,30,,,,,,,,,,2000,185.0,39.0,1774.0,2.0,0.8258928571428571,0.9893048128342246,0.90024334192276,0.90024334192276,0.90024334192276,187.0,0.09350000321865082
fedavg,fedavg,434|504,434|504,2,504,data_2000_3_11_chordal,global_val_client_task,val,cycle6,30,,,,,,,,,,2000,173.0,63.0,1754.0,10.0,0.7330508474576272,0.9453551912568307,0.8257756233215332,0.8257756233215332,0.8257756233215332,183.0,0.09149999916553497
fedavg,fedavg,434|504,434|504,2,all,all,global_val_mean,val,,30,,,0.12016772439082464,0.9639000000000001,0.853166659673055,0.9339340177408841,0.9316668113072714,0.9316668113072714,0.9316668113072714,6000,,,,,,,,,,,
fedavg,fedavg,434|504,434|504,2,434,data_4000_5_2.0_chordal,train_epoch,train,,31,1.0,0.07570388415455818,,,,,,,,4000,,,,,,,,,,,
fedavg,fedavg,434|504,434|504,2,434,data_4000_5_2.0_chordal,train_epoch,train,,31,2.0,0.07721639862656593,,,,,,,,4000,,,,,,,,,,,
fedavg,fedavg,434|504,434|504,2,434,data_4000_5_2.0_chordal,train_epoch,train,,31,3.0,0.08081224656105042,,,,,,,,4000,,,,,,,,,,,
fedavg,fedavg,434|504,434|504,2,434,data_4000_5_2.0_chordal,train_epoch,train,,31,4.0,0.07421449255943298,,,,,,,,4000,,,,,,,,,,,
fedavg,fedavg,434|504,434|504,2,434,data_4000_5_2.0_chordal,train_epoch,train,,31,5.0,0.07478425776958465,,,,,,,,4000,,,,,,,,,,,
fedavg,fedavg,434|504,434|504,2,434,data_4000_5_2.0_chordal,val_epoch,val,,31,,,0.14074227845668794,0.9629,0.8464999794960022,0.9553603657802912,0.9416097402572632,0.9416097402572632,0.9416097402572632,4000,,,,,,,,,,,
fedavg,fedavg,434|504,434|504,2,434,data_4000_5_2.0_chordal,val_epoch_task,val,cycle2,31,,,,,,,,,,4000,1986.0,10.0,2004.0,0.0,0.9949899799599199,1.0,0.9974886775016785,0.9974886775016785,0.9974886775016785,1986.0,0.4964999854564667
fedavg,fedavg,434|504,434|504,2,434,data_4000_5_2.0_chordal,val_epoch_task,val,cycle3,31,,,,,,,,,,4000,1977.0,14.0,1999.0,10.0,0.9929683576092416,0.9949672873678913,0.993966817855835,0.993966817855835,0.993966817855835,1987.0,0.49674999713897705
fedavg,fedavg,434|504,434|504,2,434,data_4000_5_2.0_chordal,val_epoch_task,val,cycle4,31,,,,,,,,,,4000,1720.0,25.0,2212.0,43.0,0.9856733524355301,0.975609756097561,0.9806156754493713,0.9806156754493713,0.9806156754493713,1763.0,0.44075000286102295
fedavg,fedavg,434|504,434|504,2,434,data_4000_5_2.0_chordal,val_epoch_task,val,cycle5,31,,,,,,,,,,4000,1365.0,79.0,2396.0,160.0,0.9452908587257618,0.8950819672131147,0.9195016026496887,0.9195016026496887,0.9195016026496887,1525.0,0.3812499940395355
fedavg,fedavg,434|504,434|504,2,434,data_4000_5_2.0_chordal,val_epoch_task,val,cycle6,31,,,,,,,,,,4000,892.0,154.0,2707.0,247.0,0.8527724665391969,0.7831431079894644,0.8164759874343872,0.8164759874343872,0.8164759874343872,1139.0,0.2847500145435333
fedavg,fedavg,434|504,434|504,2,504,data_2000_3_11_chordal,train_epoch,train,,31,1.0,0.11328880655765533,,,,,,,,2000,,,,,,,,,,,
fedavg,fedavg,434|504,434|504,2,504,data_2000_3_11_chordal,train_epoch,train,,31,2.0,0.1364404228925705,,,,,,,,2000,,,,,,,,,,,
fedavg,fedavg,434|504,434|504,2,504,data_2000_3_11_chordal,train_epoch,train,,31,3.0,0.13039606788754463,,,,,,,,2000,,,,,,,,,,,
fedavg,fedavg,434|504,434|504,2,504,data_2000_3_11_chordal,train_epoch,train,,31,4.0,0.14524131129682064,,,,,,,,2000,,,,,,,,,,,
fedavg,fedavg,434|504,434|504,2,504,data_2000_3_11_chordal,train_epoch,train,,31,5.0,0.12858401238918304,,,,,,,,2000,,,,,,,,,,,
fedavg,fedavg,434|504,434|504,2,504,data_2000_3_11_chordal,val_epoch,val,,31,,,0.20266213464736937,0.9626,0.8634999990463257,0.7917594654788419,0.8162800073623657,0.8162800073623657,0.8162800073623657,2000,,,,,,,,,,,
fedavg,fedavg,434|504,434|504,2,504,data_2000_3_11_chordal,val_epoch_task,val,cycle2,31,,,,,,,,,,2000,82.0,32.0,1886.0,0.0,0.7192982456140351,1.0,0.8367347121238708,0.8367347121238708,0.8367347121238708,82.0,0.04100000113248825
fedavg,fedavg,434|504,434|504,2,504,data_2000_3_11_chordal,val_epoch_task,val,cycle3,31,,,,,,,,,,2000,128.0,22.0,1850.0,0.0,0.8533333333333334,1.0,0.9208633303642273,0.9208633303642273,0.9208633303642273,128.0,0.06400000303983688
fedavg,fedavg,434|504,434|504,2,504,data_2000_3_11_chordal,val_epoch_task,val,cycle4,31,,,,,,,,,,2000,149.0,55.0,1788.0,8.0,0.7303921568627451,0.9490445859872612,0.8254848122596741,0.8254848122596741,0.8254848122596741,157.0,0.07850000262260437
fedavg,fedavg,434|504,434|504,2,504,data_2000_3_11_chordal,val_epoch_task,val,cycle5,31,,,,,,,,,,2000,176.0,46.0,1767.0,11.0,0.7927927927927928,0.9411764705882353,0.8606357574462891,0.8606357574462891,0.8606357574462891,187.0,0.09350000321865082
fedavg,fedavg,434|504,434|504,2,504,data_2000_3_11_chordal,val_epoch_task,val,cycle6,31,,,,,,,,,,2000,176.0,193.0,1624.0,7.0,0.47696476964769646,0.9617486338797814,0.6376811861991882,0.6376811861991882,0.6376811861991882,183.0,0.09149999916553497
fedavg,fedavg,434|504,434|504,2,434,data_4000_5_2.0_chordal,global_val_client,val,,31,,,0.13910670959949492,0.94515,0.7817500233650208,0.9382979920130491,0.9287528991699219,0.9287528991699219,0.9287528991699219,4000,,,,,,,,,,,
fedavg,fedavg,434|504,434|504,2,434,data_4000_5_2.0_chordal,global_val_client_task,val,cycle2,31,,,,,,,,,,4000,1986.0,17.0,1997.0,0.0,0.9915127309036446,1.0,0.9957382678985596,0.9957382678985596,0.9957382678985596,1986.0,0.4964999854564667
fedavg,fedavg,434|504,434|504,2,434,data_4000_5_2.0_chordal,global_val_client_task,val,cycle3,31,,,,,,,,,,4000,1987.0,35.0,1978.0,0.0,0.9826904055390703,1.0,0.9912696480751038,0.9912696480751038,0.9912696480751038,1987.0,0.49674999713897705
fedavg,fedavg,434|504,434|504,2,434,data_4000_5_2.0_chordal,global_val_client_task,val,cycle4,31,,,,,,,,,,4000,1758.0,142.0,2095.0,5.0,0.9252631578947368,0.9971639251276234,0.9598689675331116,0.9598689675331116,0.9598689675331116,1763.0,0.44075000286102295
fedavg,fedavg,434|504,434|504,2,434,data_4000_5_2.0_chordal,global_val_client_task,val,cycle5,31,,,,,,,,,,4000,1500.0,276.0,2199.0,25.0,0.8445945945945946,0.9836065573770492,0.9088155031204224,0.9088155031204224,0.9088155031204224,1525.0,0.3812499940395355
fedavg,fedavg,434|504,434|504,2,434,data_4000_5_2.0_chordal,global_val_client_task,val,cycle6,31,,,,,,,,,,4000,1110.0,568.0,2293.0,29.0,0.6615017878426699,0.974539069359087,0.7880723476409912,0.7880723476409912,0.7880723476409912,1139.0,0.2847500145435333
fedavg,fedavg,434|504,434|504,2,504,data_2000_3_11_chordal,global_val_client,val,,31,,,0.1175017369762063,0.9853,0.9369999766349792,0.9071383449147189,0.9184397459030151,0.9184397459030151,0.9184397459030151,2000,,,,,,,,,,,
fedavg,fedavg,434|504,434|504,2,504,data_2000_3_11_chordal,global_val_client_task,val,cycle2,31,,,,,,,,,,2000,82.0,6.0,1912.0,0.0,0.9318181818181818,1.0,0.9647058844566345,0.9647058844566345,0.9647058844566345,82.0,0.04100000113248825
fedavg,fedavg,434|504,434|504,2,504,data_2000_3_11_chordal,global_val_client_task,val,cycle3,31,,,,,,,,,,2000,128.0,15.0,1857.0,0.0,0.8951048951048951,1.0,0.9446494579315186,0.9446494579315186,0.9446494579315186,128.0,0.06400000303983688
fedavg,fedavg,434|504,434|504,2,504,data_2000_3_11_chordal,global_val_client_task,val,cycle4,31,,,,,,,,,,2000,154.0,12.0,1831.0,3.0,0.927710843373494,0.9808917197452229,0.9535604119300842,0.9535604119300842,0.9535604119300842,157.0,0.07850000262260437
fedavg,fedavg,434|504,434|504,2,504,data_2000_3_11_chordal,global_val_client_task,val,cycle5,31,,,,,,,,,,2000,186.0,35.0,1778.0,1.0,0.8416289592760181,0.9946524064171123,0.9117647409439087,0.9117647409439087,0.9117647409439087,187.0,0.09350000321865082
fedavg,fedavg,434|504,434|504,2,504,data_2000_3_11_chordal,global_val_client_task,val,cycle6,31,,,,,,,,,,2000,168.0,60.0,1757.0,15.0,0.7368421052631579,0.9180327868852459,0.8175182342529297,0.8175182342529297,0.8175182342529297,183.0,0.09149999916553497
fedavg,fedavg,434|504,434|504,2,all,all,global_val_mean,val,,31,,,0.13190505205839873,0.9585333333333335,0.8335000077883402,0.9279114429802724,0.9253151814142863,0.9253151814142863,0.9253151814142863,6000,,,,,,,,,,,
fedavg,fedavg,434|504,434|504,2,434,data_4000_5_2.0_chordal,train_epoch,train,,32,1.0,0.07566629175841809,,,,,,,,4000,,,,,,,,,,,
fedavg,fedavg,434|504,434|504,2,434,data_4000_5_2.0_chordal,train_epoch,train,,32,2.0,0.08215364170074463,,,,,,,,4000,,,,,,,,,,,
fedavg,fedavg,434|504,434|504,2,434,data_4000_5_2.0_chordal,train_epoch,train,,32,3.0,0.0810182238072157,,,,,,,,4000,,,,,,,,,,,
fedavg,fedavg,434|504,434|504,2,434,data_4000_5_2.0_chordal,train_epoch,train,,32,4.0,0.08170201724767685,,,,,,,,4000,,,,,,,,,,,
fedavg,fedavg,434|504,434|504,2,434,data_4000_5_2.0_chordal,train_epoch,train,,32,5.0,0.07947146591544152,,,,,,,,4000,,,,,,,,,,,
fedavg,fedavg,434|504,434|504,2,434,data_4000_5_2.0_chordal,val_epoch,val,,32,,,0.11362022751569748,0.96875,0.8679999709129333,0.9628042611438433,0.9527466893196106,0.9527466893196106,0.9527466893196106,4000,,,,,,,,,,,
fedavg,fedavg,434|504,434|504,2,434,data_4000_5_2.0_chordal,val_epoch_task,val,cycle2,32,,,,,,,,,,4000,1985.0,9.0,2005.0,1.0,0.9954864593781344,0.999496475327291,0.9974873661994934,0.9974873661994934,0.9974873661994934,1986.0,0.4964999854564667
fedavg,fedavg,434|504,434|504,2,434,data_4000_5_2.0_chordal,val_epoch_task,val,cycle3,32,,,,,,,,,,4000,1986.0,17.0,1996.0,1.0,0.9915127309036446,0.9994967287367891,0.9954887628555298,0.9954887628555298,0.9954887628555298,1987.0,0.49674999713897705
fedavg,fedavg,434|504,434|504,2,434,data_4000_5_2.0_chordal,val_epoch_task,val,cycle4,32,,,,,,,,,,4000,1721.0,22.0,2215.0,42.0,0.9873780837636259,0.9761769710720363,0.9817455410957336,0.9817455410957336,0.9817455410957336,1763.0,0.44075000286102295
fedavg,fedavg,434|504,434|504,2,434,data_4000_5_2.0_chordal,val_epoch_task,val,cycle5,32,,,,,,,,,,4000,1408.0,73.0,2402.0,117.0,0.950708980418636,0.9232786885245902,0.9367930889129639,0.9367930889129639,0.9367930889129639,1525.0,0.3812499940395355
fedavg,fedavg,434|504,434|504,2,434,data_4000_5_2.0_chordal,val_epoch_task,val,cycle6,32,,,,,,,,,,4000,989.0,193.0,2668.0,150.0,0.8367174280879864,0.8683055311676909,0.8522188067436218,0.8522188067436218,0.8522188067436218,1139.0,0.2847500145435333
fedavg,fedavg,434|504,434|504,2,504,data_2000_3_11_chordal,train_epoch,train,,32,1.0,0.14005722960084677,,,,,,,,2000,,,,,,,,,,,
fedavg,fedavg,434|504,434|504,2,504,data_2000_3_11_chordal,train_epoch,train,,32,2.0,0.13138361018896103,,,,,,,,2000,,,,,,,,,,,
fedavg,fedavg,434|504,434|504,2,504,data_2000_3_11_chordal,train_epoch,train,,32,3.0,0.1012715049982071,,,,,,,,2000,,,,,,,,,,,
fedavg,fedavg,434|504,434|504,2,504,data_2000_3_11_chordal,train_epoch,train,,32,4.0,0.15261386567354202,,,,,,,,2000,,,,,,,,,,,
fedavg,fedavg,434|504,434|504,2,504,data_2000_3_11_chordal,train_epoch,train,,32,5.0,0.11764813743531705,,,,,,,,2000,,,,,,,,,,,
fedavg,fedavg,434|504,434|504,2,504,data_2000_3_11_chordal,val_epoch,val,,32,,,0.1741526744067669,0.9569,0.8475000262260437,0.7706226716338479,0.7901861667633057,0.7901861667633057,0.7901861667633057,2000,,,,,,,,,,,
fedavg,fedavg,434|504,434|504,2,504,data_2000_3_11_chordal,val_epoch_task,val,cycle2,32,,,,,,,,,,2000,82.0,38.0,1880.0,0.0,0.6833333333333333,1.0,0.8118811845779419,0.8118811845779419,0.8118811845779419,82.0,0.04100000113248825
fedavg,fedavg,434|504,434|504,2,504,data_2000_3_11_chordal,val_epoch_task,val,cycle3,32,,,,,,,,,,2000,128.0,49.0,1823.0,0.0,0.7231638418079096,1.0,0.8393442630767822,0.8393442630767822,0.8393442630767822,128.0,0.06400000303983688
fedavg,fedavg,434|504,434|504,2,504,data_2000_3_11_chordal,val_epoch_task,val,cycle4,32,,,,,,,,,,2000,157.0,50.0,1793.0,0.0,0.7584541062801933,1.0,0.8626373410224915,0.8626373410224915,0.8626373410224915,157.0,0.07850000262260437
fedavg,fedavg,434|504,434|504,2,504,data_2000_3_11_chordal,val_epoch_task,val,cycle5,32,,,,,,,,,,2000,180.0,79.0,1734.0,7.0,0.694980694980695,0.9625668449197861,0.8071748614311218,0.8071748614311218,0.8071748614311218,187.0,0.09350000321865082
fedavg,fedavg,434|504,434|504,2,504,data_2000_3_11_chordal,val_epoch_task,val,cycle6,32,,,,,,,,,,2000,177.0,202.0,1615.0,6.0,0.46701846965699206,0.9672131147540983,0.6298932433128357,0.6298932433128357,0.6298932433128357,183.0,0.09149999916553497
fedavg,fedavg,434|504,434|504,2,434,data_4000_5_2.0_chordal,global_val_client,val,,32,,,0.1196404179930687,0.9552,0.8140000104904175,0.9488350845134765,0.9394789934158325,0.9394789934158325,0.9394789934158325,4000,,,,,,,,,,,
fedavg,fedavg,434|504,434|504,2,434,data_4000_5_2.0_chordal,global_val_client_task,val,cycle2,32,,,,,,,,,,4000,1986.0,12.0,2002.0,0.0,0.993993993993994,1.0,0.9969879388809204,0.9969879388809204,0.9969879388809204,1986.0,0.4964999854564667
fedavg,fedavg,434|504,434|504,2,434,data_4000_5_2.0_chordal,global_val_client_task,val,cycle3,32,,,,,,,,,,4000,1987.0,18.0,1995.0,0.0,0.9910224438902743,1.0,0.9954909682273865,0.9954909682273865,0.9954909682273865,1987.0,0.49674999713897705
fedavg,fedavg,434|504,434|504,2,434,data_4000_5_2.0_chordal,global_val_client_task,val,cycle4,32,,,,,,,,,,4000,1740.0,57.0,2180.0,23.0,0.9682804674457429,0.9869540555870675,0.9775280952453613,0.9775280952453613,0.9775280952453613,1763.0,0.44075000286102295
fedavg,fedavg,434|504,434|504,2,434,data_4000_5_2.0_chordal,global_val_client_task,val,cycle5,32,,,,,,,,,,4000,1491.0,224.0,2251.0,34.0,0.8693877551020408,0.9777049180327869,0.9203703999519348,0.9203703999519348,0.9203703999519348,1525.0,0.3812499940395355
fedavg,fedavg,434|504,434|504,2,434,data_4000_5_2.0_chordal,global_val_client_task,val,cycle6,32,,,,,,,,,,4000,1104.0,493.0,2368.0,35.0,0.691296180338134,0.9692712906057945,0.8070175051689148,0.8070175051689148,0.8070175051689148,1139.0,0.2847500145435333
fedavg,fedavg,434|504,434|504,2,504,data_2000_3_11_chordal,global_val_client,val,,32,,,0.16224202235788107,0.9819,0.9300000071525574,0.8862350722815839,0.8961443901062012,0.8961443901062012,0.8961443901062012,2000,,,,,,,,,,,
fedavg,fedavg,434|504,434|504,2,504,data_2000_3_11_chordal,global_val_client_task,val,cycle2,32,,,,,,,,,,2000,82.0,10.0,1908.0,0.0,0.8913043478260869,1.0,0.9425287246704102,0.9425287246704102,0.9425287246704102,82.0,0.04100000113248825
fedavg,fedavg,434|504,434|504,2,504,data_2000_3_11_chordal,global_val_client_task,val,cycle3,32,,,,,,,,,,2000,128.0,19.0,1853.0,0.0,0.8707482993197279,1.0,0.9309090971946716,0.9309090971946716,0.9309090971946716,128.0,0.06400000303983688
fedavg,fedavg,434|504,434|504,2,504,data_2000_3_11_chordal,global_val_client_task,val,cycle4,32,,,,,,,,,,2000,153.0,28.0,1815.0,4.0,0.8453038674033149,0.9745222929936306,0.9053254723548889,0.9053254723548889,0.9053254723548889,157.0,0.07850000262260437
fedavg,fedavg,434|504,434|504,2,504,data_2000_3_11_chordal,global_val_client_task,val,cycle5,32,,,,,,,,,,2000,176.0,36.0,1777.0,11.0,0.8301886792452831,0.9411764705882353,0.8822055459022522,0.8822055459022522,0.8822055459022522,187.0,0.09350000321865082
fedavg,fedavg,434|504,434|504,2,504,data_2000_3_11_chordal,global_val_client_task,val,cycle6,32,,,,,,,,,,2000,166.0,56.0,1761.0,17.0,0.7477477477477478,0.907103825136612,0.8197530508041382,0.8197530508041382,0.8197530508041382,183.0,0.09149999916553497
fedavg,fedavg,434|504,434|504,2,all,all,global_val_mean,val,,32,,,0.13384095278133948,0.9641000000000001,0.8526666760444641,0.9279684137695123,0.9250341256459554,0.9250341256459554,0.9250341256459554,6000,,,,,,,,,,,
fedavg,fedavg,434|504,434|504,2,434,data_4000_5_2.0_chordal,train_epoch,train,,33,1.0,0.0857855842411518,,,,,,,,4000,,,,,,,,,,,
fedavg,fedavg,434|504,434|504,2,434,data_4000_5_2.0_chordal,train_epoch,train,,33,2.0,0.07746841698884964,,,,,,,,4000,,,,,,,,,,,
fedavg,fedavg,434|504,434|504,2,434,data_4000_5_2.0_chordal,train_epoch,train,,33,3.0,0.07530968970060349,,,,,,,,4000,,,,,,,,,,,
fedavg,fedavg,434|504,434|504,2,434,data_4000_5_2.0_chordal,train_epoch,train,,33,4.0,0.07782431092858315,,,,,,,,4000,,,,,,,,,,,
fedavg,fedavg,434|504,434|504,2,434,data_4000_5_2.0_chordal,train_epoch,train,,33,5.0,0.07320165985822677,,,,,,,,4000,,,,,,,,,,,
fedavg,fedavg,434|504,434|504,2,434,data_4000_5_2.0_chordal,val_epoch,val,,33,,,0.11196473300457001,0.96425,0.8477500081062317,0.957983193277311,0.9487193822860718,0.9487193822860718,0.9487193822860718,4000,,,,,,,,,,,
fedavg,fedavg,434|504,434|504,2,434,data_4000_5_2.0_chordal,val_epoch_task,val,cycle2,33,,,,,,,,,,4000,1977.0,8.0,2006.0,9.0,0.9959697732997481,0.9954682779456193,0.9957189559936523,0.9957189559936523,0.9957189559936523,1986.0,0.4964999854564667
fedavg,fedavg,434|504,434|504,2,434,data_4000_5_2.0_chordal,val_epoch_task,val,cycle3,33,,,,,,,,,,4000,1981.0,14.0,1999.0,6.0,0.9929824561403509,0.9969803724207348,0.9949774146080017,0.9949774146080017,0.9949774146080017,1987.0,0.49674999713897705
fedavg,fedavg,434|504,434|504,2,434,data_4000_5_2.0_chordal,val_epoch_task,val,cycle4,33,,,,,,,,,,4000,1702.0,17.0,2220.0,61.0,0.9901105293775451,0.9653998865570051,0.9775990843772888,0.9775990843772888,0.9775990843772888,1763.0,0.44075000286102295
fedavg,fedavg,434|504,434|504,2,434,data_4000_5_2.0_chordal,val_epoch_task,val,cycle5,33,,,,,,,,,,4000,1438.0,111.0,2364.0,87.0,0.9283408650742414,0.9429508196721311,0.9355888366699219,0.9355888366699219,0.9355888366699219,1525.0,0.3812499940395355
fedavg,fedavg,434|504,434|504,2,434,data_4000_5_2.0_chordal,val_epoch_task,val,cycle6,33,,,,,,,,,,4000,1053.0,316.0,2545.0,86.0,0.7691745799853908,0.9244951712028094,0.839712917804718,0.839712917804718,0.839712917804718,1139.0,0.2847500145435333
fedavg,fedavg,434|504,434|504,2,504,data_2000_3_11_chordal,train_epoch,train,,33,1.0,0.13418055078387262,,,,,,,,2000,,,,,,,,,,,
fedavg,fedavg,434|504,434|504,2,504,data_2000_3_11_chordal,train_epoch,train,,33,2.0,0.09327049146965147,,,,,,,,2000,,,,,,,,,,,
fedavg,fedavg,434|504,434|504,2,504,data_2000_3_11_chordal,train_epoch,train,,33,3.0,0.10982302457094192,,,,,,,,2000,,,,,,,,,,,
fedavg,fedavg,434|504,434|504,2,504,data_2000_3_11_chordal,train_epoch,train,,33,4.0,0.13127229765057563,,,,,,,,2000,,,,,,,,,,,
fedavg,fedavg,434|504,434|504,2,504,data_2000_3_11_chordal,train_epoch,train,,33,5.0,0.1368868705034256,,,,,,,,2000,,,,,,,,,,,
fedavg,fedavg,434|504,434|504,2,504,data_2000_3_11_chordal,val_epoch,val,,33,,,0.1407839209139347,0.9715,0.8815000057220459,0.8357348703170029,0.8608824014663696,0.8608824014663696,0.8608824014663696,2000,,,,,,,,,,,
fedavg,fedavg,434|504,434|504,2,504,data_2000_3_11_chordal,val_epoch_task,val,cycle2,33,,,,,,,,,,2000,82.0,13.0,1905.0,0.0,0.8631578947368421,1.0,0.9265536665916443,0.9265536665916443,0.9265536665916443,82.0,0.04100000113248825
fedavg,fedavg,434|504,434|504,2,504,data_2000_3_11_chordal,val_epoch_task,val,cycle3,33,,,,,,,,,,2000,128.0,15.0,1857.0,0.0,0.8951048951048951,1.0,0.9446494579315186,0.9446494579315186,0.9446494579315186,128.0,0.06400000303983688
fedavg,fedavg,434|504,434|504,2,504,data_2000_3_11_chordal,val_epoch_task,val,cycle4,33,,,,,,,,,,2000,152.0,45.0,1798.0,5.0,0.7715736040609137,0.9681528662420382,0.8587570786476135,0.8587570786476135,0.8587570786476135,157.0,0.07850000262260437
fedavg,fedavg,434|504,434|504,2,504,data_2000_3_11_chordal,val_epoch_task,val,cycle5,33,,,,,,,,,,2000,182.0,48.0,1765.0,5.0,0.7913043478260869,0.9732620320855615,0.8729016780853271,0.8729016780853271,0.8729016780853271,187.0,0.09350000321865082
fedavg,fedavg,434|504,434|504,2,504,data_2000_3_11_chordal,val_epoch_task,val,cycle6,33,,,,,,,,,,2000,181.0,152.0,1665.0,2.0,0.5435435435435435,0.9890710382513661,0.7015503644943237,0.7015503644943237,0.7015503644943237,183.0,0.09149999916553497
fedavg,fedavg,434|504,434|504,2,434,data_4000_5_2.0_chordal,global_val_client,val,,33,,,0.15174483704566955,0.93985,0.7617499828338623,0.9327594880107316,0.9233201742172241,0.9233201742172241,0.9233201742172241,4000,,,,,,,,,,,
fedavg,fedavg,434|504,434|504,2,434,data_4000_5_2.0_chordal,global_val_client_task,val,cycle2,33,,,,,,,,,,4000,1985.0,14.0,2000.0,1.0,0.9929964982491246,0.999496475327291,0.9962359070777893,0.9962359070777893,0.9962359070777893,1986.0,0.4964999854564667
fedavg,fedavg,434|504,434|504,2,434,data_4000_5_2.0_chordal,global_val_client_task,val,cycle3,33,,,,,,,,,,4000,1985.0,22.0,1991.0,2.0,0.98903836571998,0.9989934574735783,0.993990957736969,0.993990957736969,0.993990957736969,1987.0,0.49674999713897705
fedavg,fedavg,434|504,434|504,2,434,data_4000_5_2.0_chordal,global_val_client_task,val,cycle4,33,,,,,,,,,,4000,1749.0,116.0,2121.0,14.0,0.9378016085790885,0.9920589903573455,0.964167594909668,0.964167594909668,0.964167594909668,1763.0,0.44075000286102295
fedavg,fedavg,434|504,434|504,2,434,data_4000_5_2.0_chordal,global_val_client_task,val,cycle5,33,,,,,,,,,,4000,1504.0,306.0,2169.0,21.0,0.830939226519337,0.9862295081967213,0.9019489884376526,0.9019489884376526,0.9019489884376526,1525.0,0.3812499940395355
fedavg,fedavg,434|504,434|504,2,434,data_4000_5_2.0_chordal,global_val_client_task,val,cycle6,33,,,,,,,,,,4000,1121.0,689.0,2172.0,18.0,0.6193370165745856,0.9841966637401229,0.7602576613426208,0.7602576613426208,0.7602576613426208,1139.0,0.2847500145435333
fedavg,fedavg,434|504,434|504,2,504,data_2000_3_11_chordal,global_val_client,val,,33,,,0.13011628638021647,0.9811,0.9185000061988831,0.8838352796558082,0.90233314037323,0.90233314037323,0.90233314037323,2000,,,,,,,,,,,
fedavg,fedavg,434|504,434|504,2,504,data_2000_3_11_chordal,global_val_client_task,val,cycle2,33,,,,,,,,,,2000,82.0,7.0,1911.0,0.0,0.9213483146067416,1.0,0.9590643644332886,0.9590643644332886,0.9590643644332886,82.0,0.04100000113248825
fedavg,fedavg,434|504,434|504,2,504,data_2000_3_11_chordal,global_val_client_task,val,cycle3,33,,,,,,,,,,2000,128.0,11.0,1861.0,0.0,0.920863309352518,1.0,0.9588015079498291,0.9588015079498291,0.9588015079498291,128.0,0.06400000303983688
fedavg,fedavg,434|504,434|504,2,504,data_2000_3_11_chordal,global_val_client_task,val,cycle4,33,,,,,,,,,,2000,153.0,14.0,1829.0,4.0,0.9161676646706587,0.9745222929936306,0.944444477558136,0.944444477558136,0.944444477558136,157.0,0.07850000262260437
fedavg,fedavg,434|504,434|504,2,504,data_2000_3_11_chordal,global_val_client_task,val,cycle5,33,,,,,,,,,,2000,181.0,49.0,1764.0,6.0,0.7869565217391304,0.9679144385026738,0.8681055903434753,0.8681055903434753,0.8681055903434753,187.0,0.09350000321865082
fedavg,fedavg,434|504,434|504,2,504,data_2000_3_11_chordal,global_val_client_task,val,cycle6,33,,,,,,,,,,2000,175.0,90.0,1727.0,8.0,0.660377358490566,0.9562841530054644,0.78125,0.78125,0.78125,183.0,0.09149999916553497
fedavg,fedavg,434|504,434|504,2,all,all,global_val_mean,val,,33,,,0.1445353201571852,0.9535999999999999,0.8139999906222025,0.9164514185590904,0.9163244962692261,0.9163244962692261,0.9163244962692261,6000,,,,,,,,,,,
fedavg,fedavg,434|504,434|504,2,434,data_4000_5_2.0_chordal,train_epoch,train,,34,1.0,0.08238957378268241,,,,,,,,4000,,,,,,,,,,,
fedavg,fedavg,434|504,434|504,2,434,data_4000_5_2.0_chordal,train_epoch,train,,34,2.0,0.07647726641595363,,,,,,,,4000,,,,,,,,,,,
fedavg,fedavg,434|504,434|504,2,434,data_4000_5_2.0_chordal,train_epoch,train,,34,3.0,0.0726209949851036,,,,,,,,4000,,,,,,,,,,,
fedavg,fedavg,434|504,434|504,2,434,data_4000_5_2.0_chordal,train_epoch,train,,34,4.0,0.07117106047272682,,,,,,,,4000,,,,,,,,,,,
fedavg,fedavg,434|504,434|504,2,434,data_4000_5_2.0_chordal,train_epoch,train,,34,5.0,0.08023159685730934,,,,,,,,4000,,,,,,,,,,,
fedavg,fedavg,434|504,434|504,2,434,data_4000_5_2.0_chordal,val_epoch,val,,34,,,0.13000625091791154,0.9652,0.8547499775886536,0.9583233532934132,0.9456621408462524,0.9456621408462524,0.9456621408462524,4000,,,,,,,,,,,
fedavg,fedavg,434|504,434|504,2,434,data_4000_5_2.0_chordal,val_epoch_task,val,cycle2,34,,,,,,,,,,4000,1985.0,10.0,2004.0,1.0,0.9949874686716792,0.999496475327291,0.9972368478775024,0.9972368478775024,0.9972368478775024,1986.0,0.4964999854564667
fedavg,fedavg,434|504,434|504,2,434,data_4000_5_2.0_chordal,val_epoch_task,val,cycle3,34,,,,,,,,,,4000,1984.0,25.0,1988.0,3.0,0.9875559980089597,0.9984901862103673,0.9929929971694946,0.9929929971694946,0.9929929971694946,1987.0,0.49674999713897705
fedavg,fedavg,434|504,434|504,2,434,data_4000_5_2.0_chordal,val_epoch_task,val,cycle4,34,,,,,,,,,,4000,1732.0,26.0,2211.0,31.0,0.9852104664391353,0.9824163357912649,0.9838114380836487,0.9838114380836487,0.9838114380836487,1763.0,0.44075000286102295
fedavg,fedavg,434|504,434|504,2,434,data_4000_5_2.0_chordal,val_epoch_task,val,cycle5,34,,,,,,,,,,4000,1386.0,77.0,2398.0,139.0,0.9473684210526315,0.9088524590163934,0.9277108311653137,0.9277108311653137,0.9277108311653137,1525.0,0.3812499940395355
fedavg,fedavg,434|504,434|504,2,434,data_4000_5_2.0_chordal,val_epoch_task,val,cycle6,34,,,,,,,,,,4000,915.0,160.0,2701.0,224.0,0.8511627906976744,0.8033362598770851,0.8265582919120789,0.8265582919120789,0.8265582919120789,1139.0,0.2847500145435333
fedavg,fedavg,434|504,434|504,2,504,data_2000_3_11_chordal,train_epoch,train,,34,1.0,0.13833098649978637,,,,,,,,2000,,,,,,,,,,,
fedavg,fedavg,434|504,434|504,2,504,data_2000_3_11_chordal,train_epoch,train,,34,2.0,0.1433989778282121,,,,,,,,2000,,,,,,,,,,,
fedavg,fedavg,434|504,434|504,2,504,data_2000_3_11_chordal,train_epoch,train,,34,3.0,0.1458434529369697,,,,,,,,2000,,,,,,,,,,,
fedavg,fedavg,434|504,434|504,2,504,data_2000_3_11_chordal,train_epoch,train,,34,4.0,0.12896493357419966,,,,,,,,2000,,,,,,,,,,,
fedavg,fedavg,434|504,434|504,2,504,data_2000_3_11_chordal,train_epoch,train,,34,5.0,0.12947490423824637,,,,,,,,2000,,,,,,,,,,,
fedavg,fedavg,434|504,434|504,2,504,data_2000_3_11_chordal,val_epoch,val,,34,,,0.14253780579566955,0.9648,0.8675000071525574,0.8057395143487858,0.8186367750167847,0.8186367750167847,0.8186367750167847,2000,,,,,,,,,,,
fedavg,fedavg,434|504,434|504,2,504,data_2000_3_11_chordal,val_epoch_task,val,cycle2,34,,,,,,,,,,2000,82.0,31.0,1887.0,0.0,0.7256637168141593,1.0,0.8410256505012512,0.8410256505012512,0.8410256505012512,82.0,0.04100000113248825
fedavg,fedavg,434|504,434|504,2,504,data_2000_3_11_chordal,val_epoch_task,val,cycle3,34,,,,,,,,,,2000,126.0,29.0,1843.0,2.0,0.8129032258064516,0.984375,0.8904593586921692,0.8904593586921692,0.8904593586921692,128.0,0.06400000303983688
fedavg,fedavg,434|504,434|504,2,504,data_2000_3_11_chordal,val_epoch_task,val,cycle4,34,,,,,,,,,,2000,157.0,66.0,1777.0,0.0,0.7040358744394619,1.0,0.8263158202171326,0.8263158202171326,0.8263158202171326,157.0,0.07850000262260437
fedavg,fedavg,434|504,434|504,2,504,data_2000_3_11_chordal,val_epoch_task,val,cycle5,34,,,,,,,,,,2000,186.0,81.0,1732.0,1.0,0.6966292134831461,0.9946524064171123,0.8193833231925964,0.8193833231925964,0.8193833231925964,187.0,0.09350000321865082
fedavg,fedavg,434|504,434|504,2,504,data_2000_3_11_chordal,val_epoch_task,val,cycle6,34,,,,,,,,,,2000,179.0,138.0,1679.0,4.0,0.5646687697160884,0.9781420765027322,0.715999960899353,0.715999960899353,0.715999960899353,183.0,0.09149999916553497
fedavg,fedavg,434|504,434|504,2,434,data_4000_5_2.0_chordal,global_val_client,val,,34,,,0.12875165578722952,0.9518,0.8077499866485596,0.9452894438138479,0.9360156059265137,0.9360156059265137,0.9360156059265137,4000,,,,,,,,,,,
fedavg,fedavg,434|504,434|504,2,434,data_4000_5_2.0_chordal,global_val_client_task,val,cycle2,34,,,,,,,,,,4000,1986.0,12.0,2002.0,0.0,0.993993993993994,1.0,0.9969879388809204,0.9969879388809204,0.9969879388809204,1986.0,0.4964999854564667
fedavg,fedavg,434|504,434|504,2,434,data_4000_5_2.0_chordal,global_val_client_task,val,cycle3,34,,,,,,,,,,4000,1987.0,25.0,1988.0,0.0,0.9875745526838966,1.0,0.9937484264373779,0.9937484264373779,0.9937484264373779,1987.0,0.49674999713897705
fedavg,fedavg,434|504,434|504,2,434,data_4000_5_2.0_chordal,global_val_client_task,val,cycle4,34,,,,,,,,,,4000,1761.0,173.0,2064.0,2.0,0.9105480868665977,0.9988655700510494,0.9526643753051758,0.9526643753051758,0.9526643753051758,1763.0,0.44075000286102295
fedavg,fedavg,434|504,434|504,2,434,data_4000_5_2.0_chordal,global_val_client_task,val,cycle5,34,,,,,,,,,,4000,1513.0,283.0,2192.0,12.0,0.8424276169265034,0.9921311475409836,0.9111713767051697,0.9111713767051697,0.9111713767051697,1525.0,0.3812499940395355
fedavg,fedavg,434|504,434|504,2,434,data_4000_5_2.0_chordal,global_val_client_task,val,cycle6,34,,,,,,,,,,4000,1081.0,399.0,2462.0,58.0,0.7304054054054054,0.9490781387181738,0.8255059123039246,0.8255059123039246,0.8255059123039246,1139.0,0.2847500145435333
fedavg,fedavg,434|504,434|504,2,504,data_2000_3_11_chordal,global_val_client,val,,34,,,0.15126659880951046,0.98,0.9185000061988831,0.8759305210918114,0.8885399103164673,0.8885399103164673,0.8885399103164673,2000,,,,,,,,,,,
fedavg,fedavg,434|504,434|504,2,504,data_2000_3_11_chordal,global_val_client_task,val,cycle2,34,,,,,,,,,,2000,82.0,10.0,1908.0,0.0,0.8913043478260869,1.0,0.9425287246704102,0.9425287246704102,0.9425287246704102,82.0,0.04100000113248825
fedavg,fedavg,434|504,434|504,2,504,data_2000_3_11_chordal,global_val_client_task,val,cycle3,34,,,,,,,,,,2000,128.0,21.0,1851.0,0.0,0.8590604026845637,1.0,0.9241877198219299,0.9241877198219299,0.9241877198219299,128.0,0.06400000303983688
fedavg,fedavg,434|504,434|504,2,504,data_2000_3_11_chordal,global_val_client_task,val,cycle4,34,,,,,,,,,,2000,156.0,23.0,1820.0,1.0,0.8715083798882681,0.9936305732484076,0.9285714030265808,0.9285714030265808,0.9285714030265808,157.0,0.07850000262260437
fedavg,fedavg,434|504,434|504,2,504,data_2000_3_11_chordal,global_val_client_task,val,cycle5,34,,,,,,,,,,2000,182.0,48.0,1765.0,5.0,0.7913043478260869,0.9732620320855615,0.8729016780853271,0.8729016780853271,0.8729016780853271,187.0,0.09350000321865082
fedavg,fedavg,434|504,434|504,2,504,data_2000_3_11_chordal,global_val_client_task,val,cycle6,34,,,,,,,,,,2000,158.0,67.0,1750.0,25.0,0.7022222222222222,0.8633879781420765,0.7745097875595093,0.7745097875595093,0.7745097875595093,183.0,0.09149999916553497
fedavg,fedavg,434|504,434|504,2,all,all,global_val_mean,val,,34,,,0.13625663679465652,0.9611999999999999,0.8446666598320007,0.9221698029065023,0.9201903740564982,0.9201903740564982,0.9201903740564982,6000,,,,,,,,,,,
fedavg,fedavg,434|504,434|504,2,434,data_4000_5_2.0_chordal,train_epoch,train,,35,1.0,0.07087260609865188,,,,,,,,4000,,,,,,,,,,,
fedavg,fedavg,434|504,434|504,2,434,data_4000_5_2.0_chordal,train_epoch,train,,35,2.0,0.0776285791695118,,,,,,,,4000,,,,,,,,,,,
fedavg,fedavg,434|504,434|504,2,434,data_4000_5_2.0_chordal,train_epoch,train,,35,3.0,0.07156432950496673,,,,,,,,4000,,,,,,,,,,,
fedavg,fedavg,434|504,434|504,2,434,data_4000_5_2.0_chordal,train_epoch,train,,35,4.0,0.0792496633529663,,,,,,,,4000,,,,,,,,,,,
fedavg,fedavg,434|504,434|504,2,434,data_4000_5_2.0_chordal,train_epoch,train,,35,5.0,0.0718882852345705,,,,,,,,4000,,,,,,,,,,,
fedavg,fedavg,434|504,434|504,2,434,data_4000_5_2.0_chordal,val_epoch,val,,35,,,0.1304841196835041,0.96325,0.843500018119812,0.9564599253598721,0.9442993402481079,0.9442993402481079,0.9442993402481079,4000,,,,,,,,,,,
fedavg,fedavg,434|504,434|504,2,434,data_4000_5_2.0_chordal,val_epoch_task,val,cycle2,35,,,,,,,,,,4000,1986.0,7.0,2007.0,0.0,0.9964877069744105,1.0,0.9982407689094543,0.9982407689094543,0.9982407689094543,1986.0,0.4964999854564667
fedavg,fedavg,434|504,434|504,2,434,data_4000_5_2.0_chordal,val_epoch_task,val,cycle3,35,,,,,,,,,,4000,1981.0,23.0,1990.0,6.0,0.9885229540918163,0.9969803724207348,0.9927335977554321,0.9927335977554321,0.9927335977554321,1987.0,0.49674999713897705
fedavg,fedavg,434|504,434|504,2,434,data_4000_5_2.0_chordal,val_epoch_task,val,cycle4,35,,,,,,,,,,4000,1735.0,38.0,2199.0,28.0,0.9785673998871969,0.9841179807146909,0.9813348650932312,0.9813348650932312,0.9813348650932312,1763.0,0.44075000286102295
fedavg,fedavg,434|504,434|504,2,434,data_4000_5_2.0_chordal,val_epoch_task,val,cycle5,35,,,,,,,,,,4000,1419.0,101.0,2374.0,106.0,0.9335526315789474,0.9304918032786885,0.9320197105407715,0.9320197105407715,0.9320197105407715,1525.0,0.3812499940395355
fedavg,fedavg,434|504,434|504,2,434,data_4000_5_2.0_chordal,val_epoch_task,val,cycle6,35,,,,,,,,,,4000,952.0,239.0,2622.0,187.0,0.799328295549958,0.835820895522388,0.817167341709137,0.817167341709137,0.817167341709137,1139.0,0.2847500145435333
fedavg,fedavg,434|504,434|504,2,504,data_2000_3_11_chordal,train_epoch,train,,35,1.0,0.12682149283215405,,,,,,,,2000,,,,,,,,,,,
fedavg,fedavg,434|504,434|504,2,504,data_2000_3_11_chordal,train_epoch,train,,35,2.0,0.12697627876326442,,,,,,,,2000,,,,,,,,,,,
fedavg,fedavg,434|504,434|504,2,504,data_2000_3_11_chordal,train_epoch,train,,35,3.0,0.1052448360323906,,,,,,,,2000,,,,,,,,,,,
fedavg,fedavg,434|504,434|504,2,504,data_2000_3_11_chordal,train_epoch,train,,35,4.0,0.1754249653816223,,,,,,,,2000,,,,,,,,,,,
fedavg,fedavg,434|504,434|504,2,504,data_2000_3_11_chordal,train_epoch,train,,35,5.0,0.11383869602903723,,,,,,,,2000,,,,,,,,,,,
fedavg,fedavg,434|504,434|504,2,504,data_2000_3_11_chordal,val_epoch,val,,35,,,0.1313304704874754,0.9767,0.9054999947547913,0.8608955223880598,0.8851444125175476,0.8851444125175476,0.8851444125175476,2000,,,,,,,,,,,
fedavg,fedavg,434|504,434|504,2,504,data_2000_3_11_chordal,val_epoch_task,val,cycle2,35,,,,,,,,,,2000,82.0,5.0,1913.0,0.0,0.9425287356321839,1.0,0.9704142212867737,0.9704142212867737,0.9704142212867737,82.0,0.04100000113248825
fedavg,fedavg,434|504,434|504,2,504,data_2000_3_11_chordal,val_epoch_task,val,cycle3,35,,,,,,,,,,2000,128.0,13.0,1859.0,0.0,0.9078014184397163,1.0,0.9516728520393372,0.9516728520393372,0.9516728520393372,128.0,0.06400000303983688
fedavg,fedavg,434|504,434|504,2,504,data_2000_3_11_chordal,val_epoch_task,val,cycle4,35,,,,,,,,,,2000,154.0,26.0,1817.0,3.0,0.8555555555555555,0.9808917197452229,0.9139465689659119,0.9139465689659119,0.9139465689659119,157.0,0.07850000262260437
fedavg,fedavg,434|504,434|504,2,504,data_2000_3_11_chordal,val_epoch_task,val,cycle5,35,,,,,,,,,,2000,179.0,65.0,1748.0,8.0,0.7336065573770492,0.9572192513368984,0.8306264877319336,0.8306264877319336,0.8306264877319336,187.0,0.09350000321865082
fedavg,fedavg,434|504,434|504,2,504,data_2000_3_11_chordal,val_epoch_task,val,cycle6,35,,,,,,,,,,2000,178.0,108.0,1709.0,5.0,0.6223776223776224,0.9726775956284153,0.759061872959137,0.759061872959137,0.759061872959137,183.0,0.09149999916553497
fedavg,fedavg,434|504,434|504,2,434,data_4000_5_2.0_chordal,global_val_client,val,,35,,,0.14665032482147217,0.9458,0.7820000052452087,0.9389983117613957,0.929124653339386,0.929124653339386,0.929124653339386,4000,,,,,,,,,,,
fedavg,fedavg,434|504,434|504,2,434,data_4000_5_2.0_chordal,global_val_client_task,val,cycle2,35,,,,,,,,,,4000,1986.0,8.0,2006.0,0.0,0.995987963891675,1.0,0.9979899525642395,0.9979899525642395,0.9979899525642395,1986.0,0.4964999854564667
fedavg,fedavg,434|504,434|504,2,434,data_4000_5_2.0_chordal,global_val_client_task,val,cycle3,35,,,,,,,,,,4000,1987.0,33.0,1980.0,0.0,0.9836633663366336,1.0,0.9917644262313843,0.9917644262313843,0.9917644262313843,1987.0,0.49674999713897705
fedavg,fedavg,434|504,434|504,2,434,data_4000_5_2.0_chordal,global_val_client_task,val,cycle4,35,,,,,,,,,,4000,1759.0,130.0,2107.0,4.0,0.9311805187930122,0.9977311401020987,0.963307797908783,0.963307797908783,0.963307797908783,1763.0,0.44075000286102295
fedavg,fedavg,434|504,434|504,2,434,data_4000_5_2.0_chordal,global_val_client_task,val,cycle5,35,,,,,,,,,,4000,1516.0,309.0,2166.0,9.0,0.8306849315068493,0.9940983606557378,0.9050745964050293,0.9050745964050293,0.9050745964050293,1525.0,0.3812499940395355
fedavg,fedavg,434|504,434|504,2,434,data_4000_5_2.0_chordal,global_val_client_task,val,cycle6,35,,,,,,,,,,4000,1095.0,547.0,2314.0,44.0,0.666869671132765,0.961369622475856,0.7874864935874939,0.7874864935874939,0.7874864935874939,1139.0,0.2847500145435333
fedavg,fedavg,434|504,434|504,2,504,data_2000_3_11_chordal,global_val_client,val,,35,,,0.1758312301002443,0.9807,0.9254999756813049,0.8804953560371518,0.8933408856391907,0.8933408856391907,0.8933408856391907,2000,,,,,,,,,,,
fedavg,fedavg,434|504,434|504,2,504,data_2000_3_11_chordal,global_val_client_task,val,cycle2,35,,,,,,,,,,2000,82.0,10.0,1908.0,0.0,0.8913043478260869,1.0,0.9425287246704102,0.9425287246704102,0.9425287246704102,82.0,0.04100000113248825
fedavg,fedavg,434|504,434|504,2,504,data_2000_3_11_chordal,global_val_client_task,val,cycle3,35,,,,,,,,,,2000,128.0,20.0,1852.0,0.0,0.8648648648648649,1.0,0.9275362491607666,0.9275362491607666,0.9275362491607666,128.0,0.06400000303983688
fedavg,fedavg,434|504,434|504,2,504,data_2000_3_11_chordal,global_val_client_task,val,cycle4,35,,,,,,,,,,2000,153.0,18.0,1825.0,4.0,0.8947368421052632,0.9745222929936306,0.9329268336296082,0.9329268336296082,0.9329268336296082,157.0,0.07850000262260437
fedavg,fedavg,434|504,434|504,2,504,data_2000_3_11_chordal,global_val_client_task,val,cycle5,35,,,,,,,,,,2000,184.0,45.0,1768.0,3.0,0.8034934497816594,0.983957219251337,0.8846153616905212,0.8846153616905212,0.8846153616905212,187.0,0.09350000321865082
fedavg,fedavg,434|504,434|504,2,504,data_2000_3_11_chordal,global_val_client_task,val,cycle6,35,,,,,,,,,,2000,164.0,74.0,1743.0,19.0,0.6890756302521008,0.8961748633879781,0.7790973782539368,0.7790973782539368,0.7790973782539368,183.0,0.09149999916553497
fedavg,fedavg,434|504,434|504,2,all,all,global_val_mean,val,,35,,,0.15637729324772953,0.9574333333333334,0.8298333287239075,0.9194973265199811,0.9171967307726542,0.9171967307726542,0.9171967307726542,6000,,,,,,,,,,,
fedavg,fedavg,434|504,434|504,2,434,data_4000_5_2.0_chordal,train_epoch,train,,36,1.0,0.08637566328048706,,,,,,,,4000,,,,,,,,,,,
fedavg,fedavg,434|504,434|504,2,434,data_4000_5_2.0_chordal,train_epoch,train,,36,2.0,0.07103748822212219,,,,,,,,4000,,,,,,,,,,,
fedavg,fedavg,434|504,434|504,2,434,data_4000_5_2.0_chordal,train_epoch,train,,36,3.0,0.07386181452870369,,,,,,,,4000,,,,,,,,,,,
fedavg,fedavg,434|504,434|504,2,434,data_4000_5_2.0_chordal,train_epoch,train,,36,4.0,0.07170281077176333,,,,,,,,4000,,,,,,,,,,,
fedavg,fedavg,434|504,434|504,2,434,data_4000_5_2.0_chordal,train_epoch,train,,36,5.0,0.07746388429403304,,,,,,,,4000,,,,,,,,,,,
fedavg,fedavg,434|504,434|504,2,434,data_4000_5_2.0_chordal,val_epoch,val,,36,,,0.13232249957323075,0.9646,0.8525000214576721,0.9582743988684583,0.9473010897636414,0.9473010897636414,0.9473010897636414,4000,,,,,,,,,,,
fedavg,fedavg,434|504,434|504,2,434,data_4000_5_2.0_chordal,val_epoch_task,val,cycle2,36,,,,,,,,,,4000,1986.0,7.0,2007.0,0.0,0.9964877069744105,1.0,0.9982407689094543,0.9982407689094543,0.9982407689094543,1986.0,0.4964999854564667
fedavg,fedavg,434|504,434|504,2,434,data_4000_5_2.0_chordal,val_epoch_task,val,cycle3,36,,,,,,,,,,4000,1982.0,16.0,1997.0,5.0,0.991991991991992,0.9974836436839456,0.9947302341461182,0.9947302341461182,0.9947302341461182,1987.0,0.49674999713897705
fedavg,fedavg,434|504,434|504,2,434,data_4000_5_2.0_chordal,val_epoch_task,val,cycle4,36,,,,,,,,,,4000,1749.0,85.0,2152.0,14.0,0.9536532170119957,0.9920589903573455,0.9724770784378052,0.9724770784378052,0.9724770784378052,1763.0,0.44075000286102295
fedavg,fedavg,434|504,434|504,2,434,data_4000_5_2.0_chordal,val_epoch_task,val,cycle5,36,,,,,,,,,,4000,1438.0,104.0,2371.0,87.0,0.9325551232166018,0.9429508196721311,0.9377241730690002,0.9377241730690002,0.9377241730690002,1525.0,0.3812499940395355
fedavg,fedavg,434|504,434|504,2,434,data_4000_5_2.0_chordal,val_epoch_task,val,cycle6,36,,,,,,,,,,4000,975.0,226.0,2635.0,164.0,0.8118234804329725,0.8560140474100087,0.8333333134651184,0.8333333134651184,0.8333333134651184,1139.0,0.2847500145435333
fedavg,fedavg,434|504,434|504,2,504,data_2000_3_11_chordal,train_epoch,train,,36,1.0,0.14157834720611573,,,,,,,,2000,,,,,,,,,,,
fedavg,fedavg,434|504,434|504,2,504,data_2000_3_11_chordal,train_epoch,train,,36,2.0,0.10799535715579986,,,,,,,,2000,,,,,,,,,,,
fedavg,fedavg,434|504,434|504,2,504,data_2000_3_11_chordal,train_epoch,train,,36,3.0,0.10856413689255714,,,,,,,,2000,,,,,,,,,,,
fedavg,fedavg,434|504,434|504,2,504,data_2000_3_11_chordal,train_epoch,train,,36,4.0,0.15574750763177872,,,,,,,,2000,,,,,,,,,,,
fedavg,fedavg,434|504,434|504,2,504,data_2000_3_11_chordal,train_epoch,train,,36,5.0,0.13200343346595764,,,,,,,,2000,,,,,,,,,,,
fedavg,fedavg,434|504,434|504,2,504,data_2000_3_11_chordal,val_epoch,val,,36,,,0.12587215604781524,0.9669,0.871999979019165,0.8153931957612941,0.8494067192077637,0.8494067192077637,0.8494067192077637,2000,,,,,,,,,,,
fedavg,fedavg,434|504,434|504,2,504,data_2000_3_11_chordal,val_epoch_task,val,cycle2,36,,,,,,,,,,2000,82.0,5.0,1913.0,0.0,0.9425287356321839,1.0,0.9704142212867737,0.9704142212867737,0.9704142212867737,82.0,0.04100000113248825
fedavg,fedavg,434|504,434|504,2,504,data_2000_3_11_chordal,val_epoch_task,val,cycle3,36,,,,,,,,,,2000,128.0,28.0,1844.0,0.0,0.8205128205128205,1.0,0.9014084935188293,0.9014084935188293,0.9014084935188293,128.0,0.06400000303983688
fedavg,fedavg,434|504,434|504,2,504,data_2000_3_11_chordal,val_epoch_task,val,cycle4,36,,,,,,,,,,2000,157.0,35.0,1808.0,0.0,0.8177083333333334,1.0,0.8997134566307068,0.8997134566307068,0.8997134566307068,157.0,0.07850000262260437
fedavg,fedavg,434|504,434|504,2,504,data_2000_3_11_chordal,val_epoch_task,val,cycle5,36,,,,,,,,,,2000,185.0,95.0,1718.0,2.0,0.6607142857142857,0.9893048128342246,0.7922912240028381,0.7922912240028381,0.7922912240028381,187.0,0.09350000321865082
fedavg,fedavg,434|504,434|504,2,504,data_2000_3_11_chordal,val_epoch_task,val,cycle6,36,,,,,,,,,,2000,179.0,162.0,1655.0,4.0,0.5249266862170088,0.9781420765027322,0.6832061409950256,0.6832061409950256,0.6832061409950256,183.0,0.09149999916553497
fedavg,fedavg,434|504,434|504,2,434,data_4000_5_2.0_chordal,global_val_client,val,,36,,,0.21446208053827287,0.9262,0.7250000238418579,0.9189812273575585,0.9096640348434448,0.9096640348434448,0.9096640348434448,4000,,,,,,,,,,,
fedavg,fedavg,434|504,434|504,2,434,data_4000_5_2.0_chordal,global_val_client_task,val,cycle2,36,,,,,,,,,,4000,1986.0,13.0,2001.0,0.0,0.9934967483741871,1.0,0.9967377781867981,0.9967377781867981,0.9967377781867981,1986.0,0.4964999854564667
fedavg,fedavg,434|504,434|504,2,434,data_4000_5_2.0_chordal,global_val_client_task,val,cycle3,36,,,,,,,,,,4000,1986.0,24.0,1989.0,1.0,0.9880597014925373,0.9994967287367891,0.9937453269958496,0.9937453269958496,0.9937453269958496,1987.0,0.49674999713897705
fedavg,fedavg,434|504,434|504,2,434,data_4000_5_2.0_chordal,global_val_client_task,val,cycle4,36,,,,,,,,,,4000,1759.0,234.0,2003.0,4.0,0.882589061716006,0.9977311401020987,0.9366347193717957,0.9366347193717957,0.9366347193717957,1763.0,0.44075000286102295
fedavg,fedavg,434|504,434|504,2,434,data_4000_5_2.0_chordal,global_val_client_task,val,cycle5,36,,,,,,,,,,4000,1519.0,517.0,1958.0,6.0,0.7460707269155207,0.9960655737704918,0.8531311750411987,0.8531311750411987,0.8531311750411987,1525.0,0.3812499940395355
fedavg,fedavg,434|504,434|504,2,434,data_4000_5_2.0_chordal,global_val_client_task,val,cycle6,36,,,,,,,,,,4000,1121.0,659.0,2202.0,18.0,0.6297752808988764,0.9841966637401229,0.7680712938308716,0.7680712938308716,0.7680712938308716,1139.0,0.2847500145435333
fedavg,fedavg,434|504,434|504,2,504,data_2000_3_11_chordal,global_val_client,val,,36,,,0.17807186230272054,0.9799,0.9204999804496765,0.875077688004972,0.8897960782051086,0.8897960782051086,0.8897960782051086,2000,,,,,,,,,,,
fedavg,fedavg,434|504,434|504,2,504,data_2000_3_11_chordal,global_val_client_task,val,cycle2,36,,,,,,,,,,2000,82.0,11.0,1907.0,0.0,0.8817204301075269,1.0,0.9371428489685059,0.9371428489685059,0.9371428489685059,82.0,0.04100000113248825
fedavg,fedavg,434|504,434|504,2,504,data_2000_3_11_chordal,global_val_client_task,val,cycle3,36,,,,,,,,,,2000,128.0,14.0,1858.0,0.0,0.9014084507042254,1.0,0.9481481313705444,0.9481481313705444,0.9481481313705444,128.0,0.06400000303983688
fedavg,fedavg,434|504,434|504,2,504,data_2000_3_11_chordal,global_val_client_task,val,cycle4,36,,,,,,,,,,2000,153.0,19.0,1824.0,4.0,0.8895348837209303,0.9745222929936306,0.9300912022590637,0.9300912022590637,0.9300912022590637,157.0,0.07850000262260437
fedavg,fedavg,434|504,434|504,2,504,data_2000_3_11_chordal,global_val_client_task,val,cycle5,36,,,,,,,,,,2000,176.0,54.0,1759.0,11.0,0.7652173913043478,0.9411764705882353,0.8441246747970581,0.8441246747970581,0.8441246747970581,187.0,0.09350000321865082
fedavg,fedavg,434|504,434|504,2,504,data_2000_3_11_chordal,global_val_client_task,val,cycle6,36,,,,,,,,,,2000,165.0,70.0,1747.0,18.0,0.7021276595744681,0.9016393442622951,0.7894736528396606,0.7894736528396606,0.7894736528396606,183.0,0.09149999916553497
fedavg,fedavg,434|504,434|504,2,all,all,global_val_mean,val,,36,,,0.20233200779308874,0.9441,0.7901666760444641,0.9043467142400297,0.9030413826306661,0.9030413826306661,0.9030413826306661,6000,,,,,,,,,,,
fedavg,fedavg,434|504,434|504,2,434,data_4000_5_2.0_chordal,train_epoch,train,,37,1.0,0.07676821206510066,,,,,,,,4000,,,,,,,,,,,
fedavg,fedavg,434|504,434|504,2,434,data_4000_5_2.0_chordal,train_epoch,train,,37,2.0,0.07621108990907668,,,,,,,,4000,,,,,,,,,,,
fedavg,fedavg,434|504,434|504,2,434,data_4000_5_2.0_chordal,train_epoch,train,,37,3.0,0.06571053075790405,,,,,,,,4000,,,,,,,,,,,
fedavg,fedavg,434|504,434|504,2,434,data_4000_5_2.0_chordal,train_epoch,train,,37,4.0,0.07628563526272773,,,,,,,,4000,,,,,,,,,,,
fedavg,fedavg,434|504,434|504,2,434,data_4000_5_2.0_chordal,train_epoch,train,,37,5.0,0.07186109061539173,,,,,,,,4000,,,,,,,,,,,
fedavg,fedavg,434|504,434|504,2,434,data_4000_5_2.0_chordal,val_epoch,val,,37,,,0.11856410944461823,0.96425,0.8519999980926514,0.9580177323703835,0.94737708568573,0.94737708568573,0.94737708568573,4000,,,,,,,,,,,
fedavg,fedavg,434|504,434|504,2,434,data_4000_5_2.0_chordal,val_epoch_task,val,cycle2,37,,,,,,,,,,4000,1985.0,7.0,2007.0,1.0,0.9964859437751004,0.999496475327291,0.9979889392852783,0.9979889392852783,0.9979889392852783,1986.0,0.4964999854564667
fedavg,fedavg,434|504,434|504,2,434,data_4000_5_2.0_chordal,val_epoch_task,val,cycle3,37,,,,,,,,,,4000,1983.0,18.0,1995.0,4.0,0.9910044977511244,0.9979869149471565,0.994483470916748,0.994483470916748,0.994483470916748,1987.0,0.49674999713897705
fedavg,fedavg,434|504,434|504,2,434,data_4000_5_2.0_chordal,val_epoch_task,val,cycle4,37,,,,,,,,,,4000,1738.0,57.0,2180.0,25.0,0.9682451253481894,0.9858196256381169,0.9769533276557922,0.9769533276557922,0.9769533276557922,1763.0,0.44075000286102295
fedavg,fedavg,434|504,434|504,2,434,data_4000_5_2.0_chordal,val_epoch_task,val,cycle5,37,,,,,,,,,,4000,1458.0,137.0,2338.0,67.0,0.9141065830721004,0.9560655737704918,0.9346153736114502,0.9346153736114502,0.9346153736114502,1525.0,0.3812499940395355
fedavg,fedavg,434|504,434|504,2,434,data_4000_5_2.0_chordal,val_epoch_task,val,cycle6,37,,,,,,,,,,4000,994.0,254.0,2607.0,145.0,0.7964743589743589,0.8726953467954346,0.8328445553779602,0.8328445553779602,0.8328445553779602,1139.0,0.2847500145435333
fedavg,fedavg,434|504,434|504,2,504,data_2000_3_11_chordal,train_epoch,train,,37,1.0,0.1501059450060129,,,,,,,,2000,,,,,,,,,,,
fedavg,fedavg,434|504,434|504,2,504,data_2000_3_11_chordal,train_epoch,train,,37,2.0,0.11905065554380417,,,,,,,,2000,,,,,,,,,,,
fedavg,fedavg,434|504,434|504,2,504,data_2000_3_11_chordal,train_epoch,train,,37,3.0,0.1171177068129182,,,,,,,,2000,,,,,,,,,,,
fedavg,fedavg,434|504,434|504,2,504,data_2000_3_11_chordal,train_epoch,train,,37,4.0,0.09787168812006712,,,,,,,,2000,,,,,,,,,,,
fedavg,fedavg,434|504,434|504,2,504,data_2000_3_11_chordal,train_epoch,train,,37,5.0,0.13921981492638588,,,,,,,,2000,,,,,,,,,,,
fedavg,fedavg,434|504,434|504,2,504,data_2000_3_11_chordal,val_epoch,val,,37,,,0.13608216379582883,0.9574,0.8500000238418579,0.7757894736842105,0.8213366270065308,0.8213366270065308,0.8213366270065308,2000,,,,,,,,,,,
fedavg,fedavg,434|504,434|504,2,504,data_2000_3_11_chordal,val_epoch_task,val,cycle2,37,,,,,,,,,,2000,82.0,3.0,1915.0,0.0,0.9647058823529412,1.0,0.9820358753204346,0.9820358753204346,0.9820358753204346,82.0,0.04100000113248825
fedavg,fedavg,434|504,434|504,2,504,data_2000_3_11_chordal,val_epoch_task,val,cycle3,37,,,,,,,,,,2000,128.0,20.0,1852.0,0.0,0.8648648648648649,1.0,0.9275362491607666,0.9275362491607666,0.9275362491607666,128.0,0.06400000303983688
fedavg,fedavg,434|504,434|504,2,504,data_2000_3_11_chordal,val_epoch_task,val,cycle4,37,,,,,,,,,,2000,157.0,87.0,1756.0,0.0,0.6434426229508197,1.0,0.7830423712730408,0.7830423712730408,0.7830423712730408,157.0,0.07850000262260437
fedavg,fedavg,434|504,434|504,2,504,data_2000_3_11_chordal,val_epoch_task,val,cycle5,37,,,,,,,,,,2000,187.0,107.0,1706.0,0.0,0.6360544217687075,1.0,0.777546763420105,0.777546763420105,0.777546763420105,187.0,0.09350000321865082
fedavg,fedavg,434|504,434|504,2,504,data_2000_3_11_chordal,val_epoch_task,val,cycle6,37,,,,,,,,,,2000,183.0,209.0,1608.0,0.0,0.46683673469387754,1.0,0.6365217566490173,0.6365217566490173,0.6365217566490173,183.0,0.09149999916553497
fedavg,fedavg,434|504,434|504,2,434,data_4000_5_2.0_chordal,global_val_client,val,,37,,,0.1804302169084549,0.93355,0.7442499995231628,0.926391581279424,0.916735827922821,0.916735827922821,0.916735827922821,4000,,,,,,,,,,,
fedavg,fedavg,434|504,434|504,2,434,data_4000_5_2.0_chordal,global_val_client_task,val,cycle2,37,,,,,,,,,,4000,1986.0,11.0,2003.0,0.0,0.9944917376064096,1.0,0.9972382187843323,0.9972382187843323,0.9972382187843323,1986.0,0.4964999854564667
fedavg,fedavg,434|504,434|504,2,434,data_4000_5_2.0_chordal,global_val_client_task,val,cycle3,37,,,,,,,,,,4000,1987.0,23.0,1990.0,0.0,0.9885572139303482,1.0,0.994245707988739,0.994245707988739,0.994245707988739,1987.0,0.49674999713897705
fedavg,fedavg,434|504,434|504,2,434,data_4000_5_2.0_chordal,global_val_client_task,val,cycle4,37,,,,,,,,,,4000,1757.0,181.0,2056.0,6.0,0.9066047471620227,0.996596710153148,0.9494731426239014,0.9494731426239014,0.9494731426239014,1763.0,0.44075000286102295
fedavg,fedavg,434|504,434|504,2,434,data_4000_5_2.0_chordal,global_val_client_task,val,cycle5,37,,,,,,,,,,4000,1519.0,426.0,2049.0,6.0,0.7809768637532134,0.9960655737704918,0.8755043148994446,0.8755043148994446,0.8755043148994446,1525.0,0.3812499940395355
fedavg,fedavg,434|504,434|504,2,434,data_4000_5_2.0_chordal,global_val_client_task,val,cycle6,37,,,,,,,,,,4000,1114.0,651.0,2210.0,25.0,0.6311614730878187,0.9780509218612818,0.7672176361083984,0.7672176361083984,0.7672176361083984,1139.0,0.2847500145435333
fedavg,fedavg,434|504,434|504,2,504,data_2000_3_11_chordal,global_val_client,val,,37,,,0.11364631508290768,0.9842,0.9334999918937683,0.9010025062656642,0.9178143739700317,0.9178143739700317,0.9178143739700317,2000,,,,,,,,,,,
fedavg,fedavg,434|504,434|504,2,504,data_2000_3_11_chordal,global_val_client_task,val,cycle2,37,,,,,,,,,,2000,82.0,5.0,1913.0,0.0,0.9425287356321839,1.0,0.9704142212867737,0.9704142212867737,0.9704142212867737,82.0,0.04100000113248825
fedavg,fedavg,434|504,434|504,2,504,data_2000_3_11_chordal,global_val_client_task,val,cycle3,37,,,,,,,,,,2000,128.0,6.0,1866.0,0.0,0.9552238805970149,1.0,0.9770992398262024,0.9770992398262024,0.9770992398262024,128.0,0.06400000303983688
fedavg,fedavg,434|504,434|504,2,504,data_2000_3_11_chordal,global_val_client_task,val,cycle4,37,,,,,,,,,,2000,154.0,13.0,1830.0,3.0,0.9221556886227545,0.9808917197452229,0.9506173133850098,0.9506173133850098,0.9506173133850098,157.0,0.07850000262260437
fedavg,fedavg,434|504,434|504,2,504,data_2000_3_11_chordal,global_val_client_task,val,cycle5,37,,,,,,,,,,2000,185.0,39.0,1774.0,2.0,0.8258928571428571,0.9893048128342246,0.90024334192276,0.90024334192276,0.90024334192276,187.0,0.09350000321865082
fedavg,fedavg,434|504,434|504,2,504,data_2000_3_11_chordal,global_val_client_task,val,cycle6,37,,,,,,,,,,2000,170.0,77.0,1740.0,13.0,0.6882591093117408,0.9289617486338798,0.7906976938247681,0.7906976938247681,0.7906976938247681,183.0,0.09149999916553497
fedavg,fedavg,434|504,434|504,2,all,all,global_val_mean,val,,37,,,0.15816891629993915,0.9504333333333332,0.8073333303133646,0.9179285562748375,0.9170953432718912,0.9170953432718912,0.9170953432718912,6000,,,,,,,,,,,
fedavg,fedavg,434|504,434|504,2,434,data_4000_5_2.0_chordal,train_epoch,train,,38,1.0,0.07315846967697144,,,,,,,,4000,,,,,,,,,,,
fedavg,fedavg,434|504,434|504,2,434,data_4000_5_2.0_chordal,train_epoch,train,,38,2.0,0.07605836006999016,,,,,,,,4000,,,,,,,,,,,
fedavg,fedavg,434|504,434|504,2,434,data_4000_5_2.0_chordal,train_epoch,train,,38,3.0,0.06900776624679565,,,,,,,,4000,,,,,,,,,,,
fedavg,fedavg,434|504,434|504,2,434,data_4000_5_2.0_chordal,train_epoch,train,,38,4.0,0.06992959803342819,,,,,,,,4000,,,,,,,,,,,
fedavg,fedavg,434|504,434|504,2,434,data_4000_5_2.0_chordal,train_epoch,train,,38,5.0,0.0742633982077241,,,,,,,,4000,,,,,,,,,,,
fedavg,fedavg,434|504,434|504,2,434,data_4000_5_2.0_chordal,val_epoch,val,,38,,,0.12811008816957473,0.9626,0.8485000133514404,0.9557396449704143,0.944707989692688,0.944707989692688,0.944707989692688,4000,,,,,,,,,,,
fedavg,fedavg,434|504,434|504,2,434,data_4000_5_2.0_chordal,val_epoch_task,val,cycle2,38,,,,,,,,,,4000,1983.0,14.0,2000.0,3.0,0.9929894842263395,0.9984894259818731,0.9957318902015686,0.9957318902015686,0.9957318902015686,1986.0,0.4964999854564667
fedavg,fedavg,434|504,434|504,2,434,data_4000_5_2.0_chordal,val_epoch_task,val,cycle3,38,,,,,,,,,,4000,1983.0,30.0,1983.0,4.0,0.9850968703427719,0.9979869149471565,0.9915000200271606,0.9915000200271606,0.9915000200271606,1987.0,0.49674999713897705
fedavg,fedavg,434|504,434|504,2,434,data_4000_5_2.0_chordal,val_epoch_task,val,cycle4,38,,,,,,,,,,4000,1721.0,46.0,2191.0,42.0,0.9739671760045274,0.9761769710720363,0.9750708341598511,0.9750708341598511,0.9750708341598511,1763.0,0.44075000286102295
fedavg,fedavg,434|504,434|504,2,434,data_4000_5_2.0_chordal,val_epoch_task,val,cycle5,38,,,,,,,,,,4000,1421.0,123.0,2352.0,104.0,0.9203367875647669,0.9318032786885246,0.9260345697402954,0.9260345697402954,0.9260345697402954,1525.0,0.3812499940395355
fedavg,fedavg,434|504,434|504,2,434,data_4000_5_2.0_chordal,val_epoch_task,val,cycle6,38,,,,,,,,,,4000,968.0,211.0,2650.0,171.0,0.8210347752332485,0.8498683055311677,0.8352027535438538,0.8352027535438538,0.8352027535438538,1139.0,0.2847500145435333
fedavg,fedavg,434|504,434|504,2,504,data_2000_3_11_chordal,train_epoch,train,,38,1.0,0.1429144476056099,,,,,,,,2000,,,,,,,,,,,
fedavg,fedavg,434|504,434|504,2,504,data_2000_3_11_chordal,train_epoch,train,,38,2.0,0.10697709142416716,,,,,,,,2000,,,,,,,,,,,
fedavg,fedavg,434|504,434|504,2,504,data_2000_3_11_chordal,train_epoch,train,,38,3.0,0.12247495603561401,,,,,,,,2000,,,,,,,,,,,
fedavg,fedavg,434|504,434|504,2,504,data_2000_3_11_chordal,train_epoch,train,,38,4.0,0.13487301809713245,,,,,,,,2000,,,,,,,,,,,
fedavg,fedavg,434|504,434|504,2,504,data_2000_3_11_chordal,train_epoch,train,,38,5.0,0.11202051568031311,,,,,,,,2000,,,,,,,,,,,
fedavg,fedavg,434|504,434|504,2,504,data_2000_3_11_chordal,val_epoch,val,,38,,,0.15622416561841965,0.9572,0.8600000143051147,0.7735449735449735,0.797057032585144,0.797057032585144,0.797057032585144,2000,,,,,,,,,,,
fedavg,fedavg,434|504,434|504,2,504,data_2000_3_11_chordal,val_epoch_task,val,cycle2,38,,,,,,,,,,2000,81.0,11.0,1907.0,1.0,0.8804347826086957,0.9878048780487805,0.931034505367279,0.931034505367279,0.931034505367279,82.0,0.04100000113248825
fedavg,fedavg,434|504,434|504,2,504,data_2000_3_11_chordal,val_epoch_task,val,cycle3,38,,,,,,,,,,2000,128.0,65.0,1807.0,0.0,0.6632124352331606,1.0,0.7975077629089355,0.7975077629089355,0.7975077629089355,128.0,0.06400000303983688
fedavg,fedavg,434|504,434|504,2,504,data_2000_3_11_chordal,val_epoch_task,val,cycle4,38,,,,,,,,,,2000,157.0,79.0,1764.0,0.0,0.6652542372881356,1.0,0.7989822030067444,0.7989822030067444,0.7989822030067444,157.0,0.07850000262260437
fedavg,fedavg,434|504,434|504,2,504,data_2000_3_11_chordal,val_epoch_task,val,cycle5,38,,,,,,,,,,2000,186.0,121.0,1692.0,1.0,0.6058631921824105,0.9946524064171123,0.7530364394187927,0.7530364394187927,0.7530364394187927,187.0,0.09350000321865082
fedavg,fedavg,434|504,434|504,2,504,data_2000_3_11_chordal,val_epoch_task,val,cycle6,38,,,,,,,,,,2000,179.0,146.0,1671.0,4.0,0.5507692307692308,0.9781420765027322,0.7047243714332581,0.7047243714332581,0.7047243714332581,183.0,0.09149999916553497
fedavg,fedavg,434|504,434|504,2,434,data_4000_5_2.0_chordal,global_val_client,val,,38,,,0.1852348852157593,0.92985,0.7412499785423279,0.9226784238082117,0.9132465124130249,0.9132465124130249,0.9132465124130249,4000,,,,,,,,,,,
fedavg,fedavg,434|504,434|504,2,434,data_4000_5_2.0_chordal,global_val_client_task,val,cycle2,38,,,,,,,,,,4000,1986.0,8.0,2006.0,0.0,0.995987963891675,1.0,0.9979899525642395,0.9979899525642395,0.9979899525642395,1986.0,0.4964999854564667
fedavg,fedavg,434|504,434|504,2,434,data_4000_5_2.0_chordal,global_val_client_task,val,cycle3,38,,,,,,,,,,4000,1987.0,43.0,1970.0,0.0,0.9788177339901478,1.0,0.9892955422401428,0.9892955422401428,0.9892955422401428,1987.0,0.49674999713897705
fedavg,fedavg,434|504,434|504,2,434,data_4000_5_2.0_chordal,global_val_client_task,val,cycle4,38,,,,,,,,,,4000,1763.0,256.0,1981.0,0.0,0.8732045567112432,1.0,0.932310938835144,0.932310938835144,0.932310938835144,1763.0,0.44075000286102295
fedavg,fedavg,434|504,434|504,2,434,data_4000_5_2.0_chordal,global_val_client_task,val,cycle5,38,,,,,,,,,,4000,1520.0,454.0,2021.0,5.0,0.7700101317122594,0.9967213114754099,0.8688196539878845,0.8688196539878845,0.8688196539878845,1525.0,0.3812499940395355
fedavg,fedavg,434|504,434|504,2,434,data_4000_5_2.0_chordal,global_val_client_task,val,cycle6,38,,,,,,,,,,4000,1115.0,613.0,2248.0,24.0,0.6452546296296297,0.9789288849868305,0.7778165340423584,0.7778165340423584,0.7778165340423584,1139.0,0.2847500145435333
fedavg,fedavg,434|504,434|504,2,504,data_2000_3_11_chordal,global_val_client,val,,38,,,0.12395792656531557,0.9811,0.921999990940094,0.8848263254113345,0.8976148366928101,0.8976148366928101,0.8976148366928101,2000,,,,,,,,,,,
fedavg,fedavg,434|504,434|504,2,504,data_2000_3_11_chordal,global_val_client_task,val,cycle2,38,,,,,,,,,,2000,82.0,8.0,1910.0,0.0,0.9111111111111111,1.0,0.9534883499145508,0.9534883499145508,0.9534883499145508,82.0,0.04100000113248825
fedavg,fedavg,434|504,434|504,2,504,data_2000_3_11_chordal,global_val_client_task,val,cycle3,38,,,,,,,,,,2000,128.0,25.0,1847.0,0.0,0.8366013071895425,1.0,0.9110320806503296,0.9110320806503296,0.9110320806503296,128.0,0.06400000303983688
fedavg,fedavg,434|504,434|504,2,504,data_2000_3_11_chordal,global_val_client_task,val,cycle4,38,,,,,,,,,,2000,156.0,18.0,1825.0,1.0,0.896551724137931,0.9936305732484076,0.9425982236862183,0.9425982236862183,0.9425982236862183,157.0,0.07850000262260437
fedavg,fedavg,434|504,434|504,2,504,data_2000_3_11_chordal,global_val_client_task,val,cycle5,38,,,,,,,,,,2000,185.0,52.0,1761.0,2.0,0.7805907172995781,0.9893048128342246,0.8726415634155273,0.8726415634155273,0.8726415634155273,187.0,0.09350000321865082
fedavg,fedavg,434|504,434|504,2,504,data_2000_3_11_chordal,global_val_client_task,val,cycle6,38,,,,,,,,,,2000,175.0,75.0,1742.0,8.0,0.7,0.9562841530054644,0.8083140850067139,0.8083140850067139,0.8083140850067139,183.0,0.09149999916553497
fedavg,fedavg,434|504,434|504,2,all,all,global_val_mean,val,,38,,,0.16480923233227804,0.9469333333333333,0.8014999826749166,0.9100610576759194,0.90803595383962,0.90803595383962,0.90803595383962,6000,,,,,,,,,,,
fedavg,fedavg,434|504,434|504,2,434,data_4000_5_2.0_chordal,train_epoch,train,,39,1.0,0.07584067305922508,,,,,,,,4000,,,,,,,,,,,
fedavg,fedavg,434|504,434|504,2,434,data_4000_5_2.0_chordal,train_epoch,train,,39,2.0,0.07208535796403885,,,,,,,,4000,,,,,,,,,,,
fedavg,fedavg,434|504,434|504,2,434,data_4000_5_2.0_chordal,train_epoch,train,,39,3.0,0.07225887364149093,,,,,,,,4000,,,,,,,,,,,
fedavg,fedavg,434|504,434|504,2,434,data_4000_5_2.0_chordal,train_epoch,train,,39,4.0,0.08058831626176834,,,,,,,,4000,,,,,,,,,,,
fedavg,fedavg,434|504,434|504,2,434,data_4000_5_2.0_chordal,train_epoch,train,,39,5.0,0.07645082008838654,,,,,,,,4000,,,,,,,,,,,
fedavg,fedavg,434|504,434|504,2,434,data_4000_5_2.0_chordal,val_epoch,val,,39,,,0.1343746143579483,0.9585,0.8252500295639038,0.9519787086322611,0.9418367147445679,0.9418367147445679,0.9418367147445679,4000,,,,,,,,,,,
fedavg,fedavg,434|504,434|504,2,434,data_4000_5_2.0_chordal,val_epoch_task,val,cycle2,39,,,,,,,,,,4000,1986.0,7.0,2007.0,0.0,0.9964877069744105,1.0,0.9982407689094543,0.9982407689094543,0.9982407689094543,1986.0,0.4964999854564667
fedavg,fedavg,434|504,434|504,2,434,data_4000_5_2.0_chordal,val_epoch_task,val,cycle3,39,,,,,,,,,,4000,1982.0,19.0,1994.0,5.0,0.9905047476261869,0.9974836436839456,0.9939819574356079,0.9939819574356079,0.9939819574356079,1987.0,0.49674999713897705
fedavg,fedavg,434|504,434|504,2,434,data_4000_5_2.0_chordal,val_epoch_task,val,cycle4,39,,,,,,,,,,4000,1745.0,66.0,2171.0,18.0,0.9635560463832137,0.9897901304594441,0.9764969348907471,0.9764969348907471,0.9764969348907471,1763.0,0.44075000286102295
fedavg,fedavg,434|504,434|504,2,434,data_4000_5_2.0_chordal,val_epoch_task,val,cycle5,39,,,,,,,,,,4000,1472.0,227.0,2248.0,53.0,0.8663919952913478,0.9652459016393443,0.9131514430046082,0.9131514430046082,0.9131514430046082,1525.0,0.3812499940395355
fedavg,fedavg,434|504,434|504,2,434,data_4000_5_2.0_chordal,val_epoch_task,val,cycle6,39,,,,,,,,,,4000,1042.0,338.0,2523.0,97.0,0.755072463768116,0.9148375768217735,0.8273124694824219,0.8273124694824219,0.8273124694824219,1139.0,0.2847500145435333
fedavg,fedavg,434|504,434|504,2,504,data_2000_3_11_chordal,train_epoch,train,,39,1.0,0.12280997389554978,,,,,,,,2000,,,,,,,,,,,
fedavg,fedavg,434|504,434|504,2,504,data_2000_3_11_chordal,train_epoch,train,,39,2.0,0.10906138533353806,,,,,,,,2000,,,,,,,,,,,
fedavg,fedavg,434|504,434|504,2,504,data_2000_3_11_chordal,train_epoch,train,,39,3.0,0.11005806148052216,,,,,,,,2000,,,,,,,,,,,
fedavg,fedavg,434|504,434|504,2,504,data_2000_3_11_chordal,train_epoch,train,,39,4.0,0.10868361991643906,,,,,,,,2000,,,,,,,,,,,
fedavg,fedavg,434|504,434|504,2,504,data_2000_3_11_chordal,train_epoch,train,,39,5.0,0.09109291329234838,,,,,,,,2000,,,,,,,,,,,
fedavg,fedavg,434|504,434|504,2,504,data_2000_3_11_chordal,val_epoch,val,,39,,,0.10684416139125824,0.9768,0.9079999923706055,0.8627218934911243,0.8886682391166687,0.8886682391166687,0.8886682391166687,2000,,,,,,,,,,,
fedavg,fedavg,434|504,434|504,2,504,data_2000_3_11_chordal,val_epoch_task,val,cycle2,39,,,,,,,,,,2000,82.0,7.0,1911.0,0.0,0.9213483146067416,1.0,0.9590643644332886,0.9590643644332886,0.9590643644332886,82.0,0.04100000113248825
fedavg,fedavg,434|504,434|504,2,504,data_2000_3_11_chordal,val_epoch_task,val,cycle3,39,,,,,,,,,,2000,128.0,7.0,1865.0,0.0,0.9481481481481482,1.0,0.9733840227127075,0.9733840227127075,0.9733840227127075,128.0,0.06400000303983688
fedavg,fedavg,434|504,434|504,2,504,data_2000_3_11_chordal,val_epoch_task,val,cycle4,39,,,,,,,,,,2000,156.0,19.0,1824.0,1.0,0.8914285714285715,0.9936305732484076,0.9397590756416321,0.9397590756416321,0.9397590756416321,157.0,0.07850000262260437
fedavg,fedavg,434|504,434|504,2,504,data_2000_3_11_chordal,val_epoch_task,val,cycle5,39,,,,,,,,,,2000,187.0,98.0,1715.0,0.0,0.656140350877193,1.0,0.7923728823661804,0.7923728823661804,0.7923728823661804,187.0,0.09350000321865082
fedavg,fedavg,434|504,434|504,2,504,data_2000_3_11_chordal,val_epoch_task,val,cycle6,39,,,,,,,,,,2000,176.0,93.0,1724.0,7.0,0.654275092936803,0.9617486338797814,0.778761088848114,0.778761088848114,0.778761088848114,183.0,0.09149999916553497
fedavg,fedavg,434|504,434|504,2,434,data_4000_5_2.0_chordal,global_val_client,val,,39,,,0.16751010802388192,0.94155,0.7680000066757202,0.9345940804565546,0.9250105023384094,0.9250105023384094,0.9250105023384094,4000,,,,,,,,,,,
fedavg,fedavg,434|504,434|504,2,434,data_4000_5_2.0_chordal,global_val_client_task,val,cycle2,39,,,,,,,,,,4000,1986.0,6.0,2008.0,0.0,0.9969879518072289,1.0,0.9984917044639587,0.9984917044639587,0.9984917044639587,1986.0,0.4964999854564667
fedavg,fedavg,434|504,434|504,2,434,data_4000_5_2.0_chordal,global_val_client_task,val,cycle3,39,,,,,,,,,,4000,1987.0,16.0,1997.0,0.0,0.9920119820269596,1.0,0.9959899187088013,0.9959899187088013,0.9959899187088013,1987.0,0.49674999713897705
fedavg,fedavg,434|504,434|504,2,434,data_4000_5_2.0_chordal,global_val_client_task,val,cycle4,39,,,,,,,,,,4000,1760.0,133.0,2104.0,3.0,0.9297411516111992,0.998298355076574,0.9628008604049683,0.9628008604049683,0.9628008604049683,1763.0,0.44075000286102295
fedavg,fedavg,434|504,434|504,2,434,data_4000_5_2.0_chordal,global_val_client_task,val,cycle5,39,,,,,,,,,,4000,1514.0,428.0,2047.0,11.0,0.7796086508753862,0.9927868852459016,0.8733775615692139,0.8733775615692139,0.8733775615692139,1525.0,0.3812499940395355
fedavg,fedavg,434|504,434|504,2,434,data_4000_5_2.0_chordal,global_val_client_task,val,cycle6,39,,,,,,,,,,4000,1105.0,538.0,2323.0,34.0,0.6725502130249543,0.9701492537313433,0.7943925261497498,0.7943925261497498,0.7943925261497498,1139.0,0.2847500145435333
fedavg,fedavg,434|504,434|504,2,504,data_2000_3_11_chordal,global_val_client,val,,39,,,0.12621883591637015,0.9855,0.9375,0.9088623507228158,0.9236880540847778,0.9236880540847778,0.9236880540847778,2000,,,,,,,,,,,
fedavg,fedavg,434|504,434|504,2,504,data_2000_3_11_chordal,global_val_client_task,val,cycle2,39,,,,,,,,,,2000,82.0,4.0,1914.0,0.0,0.9534883720930233,1.0,0.976190447807312,0.976190447807312,0.976190447807312,82.0,0.04100000113248825
fedavg,fedavg,434|504,434|504,2,504,data_2000_3_11_chordal,global_val_client_task,val,cycle3,39,,,,,,,,,,2000,128.0,5.0,1867.0,0.0,0.9624060150375939,1.0,0.9808429479598999,0.9808429479598999,0.9808429479598999,128.0,0.06400000303983688
fedavg,fedavg,434|504,434|504,2,504,data_2000_3_11_chordal,global_val_client_task,val,cycle4,39,,,,,,,,,,2000,153.0,16.0,1827.0,4.0,0.9053254437869822,0.9745222929936306,0.9386503100395203,0.9386503100395203,0.9386503100395203,157.0,0.07850000262260437
fedavg,fedavg,434|504,434|504,2,504,data_2000_3_11_chordal,global_val_client_task,val,cycle5,39,,,,,,,,,,2000,185.0,44.0,1769.0,2.0,0.8078602620087336,0.9893048128342246,0.8894230723381042,0.8894230723381042,0.8894230723381042,187.0,0.09350000321865082
fedavg,fedavg,434|504,434|504,2,504,data_2000_3_11_chordal,global_val_client_task,val,cycle6,39,,,,,,,,,,2000,175.0,62.0,1755.0,8.0,0.7383966244725738,0.9562841530054644,0.8333333730697632,0.8333333730697632,0.8333333730697632,183.0,0.09149999916553497
fedavg,fedavg,434|504,434|504,2,all,all,global_val_mean,val,,39,,,0.15374635065471132,0.9561999999999999,0.8245000044504801,0.926016837211975,0.9245696862538656,0.9245696862538656,0.9245696862538656,6000,,,,,,,,,,,
fedavg,fedavg,434|504,434|504,2,434,data_4000_5_2.0_chordal,train_epoch,train,,40,1.0,0.07204928629100323,,,,,,,,4000,,,,,,,,,,,
fedavg,fedavg,434|504,434|504,2,434,data_4000_5_2.0_chordal,train_epoch,train,,40,2.0,0.06708849528431893,,,,,,,,4000,,,,,,,,,,,
fedavg,fedavg,434|504,434|504,2,434,data_4000_5_2.0_chordal,train_epoch,train,,40,3.0,0.06697580352425575,,,,,,,,4000,,,,,,,,,,,
fedavg,fedavg,434|504,434|504,2,434,data_4000_5_2.0_chordal,train_epoch,train,,40,4.0,0.06980361416935921,,,,,,,,4000,,,,,,,,,,,
fedavg,fedavg,434|504,434|504,2,434,data_4000_5_2.0_chordal,train_epoch,train,,40,5.0,0.07674521981179715,,,,,,,,4000,,,,,,,,,,,
fedavg,fedavg,434|504,434|504,2,434,data_4000_5_2.0_chordal,val_epoch,val,,40,,,0.11169758406281471,0.96635,0.8542500138282776,0.9603814681815507,0.9506980776786804,0.9506980776786804,0.9506980776786804,4000,,,,,,,,,,,
fedavg,fedavg,434|504,434|504,2,434,data_4000_5_2.0_chordal,val_epoch_task,val,cycle2,40,,,,,,,,,,4000,1984.0,6.0,2008.0,2.0,0.9969849246231156,0.998992950654582,0.9979879260063171,0.9979879260063171,0.9979879260063171,1986.0,0.4964999854564667
fedavg,fedavg,434|504,434|504,2,434,data_4000_5_2.0_chordal,val_epoch_task,val,cycle3,40,,,,,,,,,,4000,1987.0,11.0,2002.0,0.0,0.9944944944944945,1.0,0.9972397089004517,0.9972397089004517,0.9972397089004517,1987.0,0.49674999713897705
fedavg,fedavg,434|504,434|504,2,434,data_4000_5_2.0_chordal,val_epoch_task,val,cycle4,40,,,,,,,,,,4000,1731.0,24.0,2213.0,32.0,0.9863247863247864,0.9818491208167895,0.9840818047523499,0.9840818047523499,0.9840818047523499,1763.0,0.44075000286102295
fedavg,fedavg,434|504,434|504,2,434,data_4000_5_2.0_chordal,val_epoch_task,val,cycle5,40,,,,,,,,,,4000,1408.0,90.0,2385.0,117.0,0.9399198931909212,0.9232786885245902,0.9315249919891357,0.9315249919891357,0.9315249919891357,1525.0,0.3812499940395355
fedavg,fedavg,434|504,434|504,2,434,data_4000_5_2.0_chordal,val_epoch_task,val,cycle6,40,,,,,,,,,,4000,1047.0,299.0,2562.0,92.0,0.7778603268945022,0.9192273924495171,0.8426559567451477,0.8426559567451477,0.8426559567451477,1139.0,0.2847500145435333
fedavg,fedavg,434|504,434|504,2,504,data_2000_3_11_chordal,train_epoch,train,,40,1.0,0.135994511321187,,,,,,,,2000,,,,,,,,,,,
fedavg,fedavg,434|504,434|504,2,504,data_2000_3_11_chordal,train_epoch,train,,40,2.0,0.11108513495326042,,,,,,,,2000,,,,,,,,,,,
fedavg,fedavg,434|504,434|504,2,504,data_2000_3_11_chordal,train_epoch,train,,40,3.0,0.08909454065561294,,,,,,,,2000,,,,,,,,,,,
fedavg,fedavg,434|504,434|504,2,504,data_2000_3_11_chordal,train_epoch,train,,40,4.0,0.10125730889476836,,,,,,,,2000,,,,,,,,,,,
fedavg,fedavg,434|504,434|504,2,504,data_2000_3_11_chordal,train_epoch,train,,40,5.0,0.11563768687844277,,,,,,,,2000,,,,,,,,,,,
fedavg,fedavg,434|504,434|504,2,504,data_2000_3_11_chordal,val_epoch,val,,40,,,0.1201763696372509,0.9766,0.9104999899864197,0.860381861575179,0.8866593241691589,0.8866593241691589,0.8866593241691589,2000,,,,,,,,,,,
fedavg,fedavg,434|504,434|504,2,504,data_2000_3_11_chordal,val_epoch_task,val,cycle2,40,,,,,,,,,,2000,82.0,6.0,1912.0,0.0,0.9318181818181818,1.0,0.9647058844566345,0.9647058844566345,0.9647058844566345,82.0,0.04100000113248825
fedavg,fedavg,434|504,434|504,2,504,data_2000_3_11_chordal,val_epoch_task,val,cycle3,40,,,,,,,,,,2000,125.0,6.0,1866.0,3.0,0.9541984732824428,0.9765625,0.9652509689331055,0.9652509689331055,0.9652509689331055,128.0,0.06400000303983688
fedavg,fedavg,434|504,434|504,2,504,data_2000_3_11_chordal,val_epoch_task,val,cycle4,40,,,,,,,,,,2000,154.0,23.0,1820.0,3.0,0.8700564971751412,0.9808917197452229,0.9221556782722473,0.9221556782722473,0.9221556782722473,157.0,0.07850000262260437
fedavg,fedavg,434|504,434|504,2,504,data_2000_3_11_chordal,val_epoch_task,val,cycle5,40,,,,,,,,,,2000,186.0,67.0,1746.0,1.0,0.7351778656126482,0.9946524064171123,0.8454545140266418,0.8454545140266418,0.8454545140266418,187.0,0.09350000321865082
fedavg,fedavg,434|504,434|504,2,504,data_2000_3_11_chordal,val_epoch_task,val,cycle6,40,,,,,,,,,,2000,174.0,116.0,1701.0,9.0,0.6,0.9508196721311475,0.735729455947876,0.735729455947876,0.735729455947876,183.0,0.09149999916553497
fedavg,fedavg,434|504,434|504,2,434,data_4000_5_2.0_chordal,global_val_client,val,,40,,,0.15097492069005966,0.94495,0.7862499952316284,0.9379053634876771,0.927836537361145,0.927836537361145,0.927836537361145,4000,,,,,,,,,,,
fedavg,fedavg,434|504,434|504,2,434,data_4000_5_2.0_chordal,global_val_client_task,val,cycle2,40,,,,,,,,,,4000,1986.0,4.0,2010.0,0.0,0.9979899497487437,1.0,0.998993992805481,0.998993992805481,0.998993992805481,1986.0,0.4964999854564667
fedavg,fedavg,434|504,434|504,2,434,data_4000_5_2.0_chordal,global_val_client_task,val,cycle3,40,,,,,,,,,,4000,1984.0,26.0,1987.0,3.0,0.9870646766169154,0.9984901862103673,0.9927445650100708,0.9927445650100708,0.9927445650100708,1987.0,0.49674999713897705
fedavg,fedavg,434|504,434|504,2,434,data_4000_5_2.0_chordal,global_val_client_task,val,cycle4,40,,,,,,,,,,4000,1754.0,115.0,2122.0,9.0,0.9384697699304441,0.994895065229722,0.9658589959144592,0.9658589959144592,0.9658589959144592,1763.0,0.44075000286102295
fedavg,fedavg,434|504,434|504,2,434,data_4000_5_2.0_chordal,global_val_client_task,val,cycle5,40,,,,,,,,,,4000,1497.0,301.0,2174.0,28.0,0.8325917686318132,0.981639344262295,0.9009930491447449,0.9009930491447449,0.9009930491447449,1525.0,0.3812499940395355
fedavg,fedavg,434|504,434|504,2,434,data_4000_5_2.0_chordal,global_val_client_task,val,cycle6,40,,,,,,,,,,4000,1094.0,570.0,2291.0,45.0,0.6574519230769231,0.9604916593503073,0.7805922627449036,0.7805922627449036,0.7805922627449036,1139.0,0.2847500145435333
fedavg,fedavg,434|504,434|504,2,504,data_2000_3_11_chordal,global_val_client,val,,40,,,0.16212376546859741,0.9834,0.9334999918937683,0.8949367088607594,0.9052011370658875,0.9052011370658875,0.9052011370658875,2000,,,,,,,,,,,
fedavg,fedavg,434|504,434|504,2,504,data_2000_3_11_chordal,global_val_client_task,val,cycle2,40,,,,,,,,,,2000,82.0,10.0,1908.0,0.0,0.8913043478260869,1.0,0.9425287246704102,0.9425287246704102,0.9425287246704102,82.0,0.04100000113248825
fedavg,fedavg,434|504,434|504,2,504,data_2000_3_11_chordal,global_val_client_task,val,cycle3,40,,,,,,,,,,2000,125.0,10.0,1862.0,3.0,0.9259259259259259,0.9765625,0.950570285320282,0.950570285320282,0.950570285320282,128.0,0.06400000303983688
fedavg,fedavg,434|504,434|504,2,504,data_2000_3_11_chordal,global_val_client_task,val,cycle4,40,,,,,,,,,,2000,153.0,23.0,1820.0,4.0,0.8693181818181818,0.9745222929936306,0.9189189076423645,0.9189189076423645,0.9189189076423645,157.0,0.07850000262260437
fedavg,fedavg,434|504,434|504,2,504,data_2000_3_11_chordal,global_val_client_task,val,cycle5,40,,,,,,,,,,2000,181.0,35.0,1778.0,6.0,0.8379629629629629,0.9679144385026738,0.8982630372047424,0.8982630372047424,0.8982630372047424,187.0,0.09350000321865082
fedavg,fedavg,434|504,434|504,2,504,data_2000_3_11_chordal,global_val_client_task,val,cycle6,40,,,,,,,,,,2000,166.0,58.0,1759.0,17.0,0.7410714285714286,0.907103825136612,0.815724790096283,0.815724790096283,0.815724790096283,183.0,0.09149999916553497
fedavg,fedavg,434|504,434|504,2,all,all,global_val_mean,val,,40,,,0.1546912022829056,0.9577666666666668,0.8353333274523417,0.9235824786120378,0.9202914039293925,0.9202914039293925,0.9202914039293925,6000,,,,,,,,,,,
fedavg,fedavg,434|504,434|504,2,434,data_4000_5_2.0_chordal,train_epoch,train,,41,1.0,0.08248899388313294,,,,,,,,4000,,,,,,,,,,,
fedavg,fedavg,434|504,434|504,2,434,data_4000_5_2.0_chordal,train_epoch,train,,41,2.0,0.0725044523626566,,,,,,,,4000,,,,,,,,,,,
fedavg,fedavg,434|504,434|504,2,434,data_4000_5_2.0_chordal,train_epoch,train,,41,3.0,0.06318906170129776,,,,,,,,4000,,,,,,,,,,,
fedavg,fedavg,434|504,434|504,2,434,data_4000_5_2.0_chordal,train_epoch,train,,41,4.0,0.07570164559781552,,,,,,,,4000,,,,,,,,,,,
fedavg,fedavg,434|504,434|504,2,434,data_4000_5_2.0_chordal,train_epoch,train,,41,5.0,0.0672771310210228,,,,,,,,4000,,,,,,,,,,,
fedavg,fedavg,434|504,434|504,2,434,data_4000_5_2.0_chordal,val_epoch,val,,41,,,0.12319745033979417,0.965,0.8550000190734863,0.9584471091060193,0.9473177194595337,0.9473177194595337,0.9473177194595337,4000,,,,,,,,,,,
fedavg,fedavg,434|504,434|504,2,434,data_4000_5_2.0_chordal,val_epoch_task,val,cycle2,41,,,,,,,,,,4000,1985.0,9.0,2005.0,1.0,0.9954864593781344,0.999496475327291,0.9974873661994934,0.9974873661994934,0.9974873661994934,1986.0,0.4964999854564667
fedavg,fedavg,434|504,434|504,2,434,data_4000_5_2.0_chordal,val_epoch_task,val,cycle3,41,,,,,,,,,,4000,1983.0,19.0,1994.0,4.0,0.9905094905094906,0.9979869149471565,0.9942342042922974,0.9942342042922974,0.9942342042922974,1987.0,0.49674999713897705
fedavg,fedavg,434|504,434|504,2,434,data_4000_5_2.0_chordal,val_epoch_task,val,cycle4,41,,,,,,,,,,4000,1724.0,26.0,2211.0,39.0,0.9851428571428571,0.9778786159954623,0.9814973473548889,0.9814973473548889,0.9814973473548889,1763.0,0.44075000286102295
fedavg,fedavg,434|504,434|504,2,434,data_4000_5_2.0_chordal,val_epoch_task,val,cycle5,41,,,,,,,,,,4000,1410.0,107.0,2368.0,115.0,0.9294660514172709,0.9245901639344263,0.9270216822624207,0.9270216822624207,0.9270216822624207,1525.0,0.3812499940395355
fedavg,fedavg,434|504,434|504,2,434,data_4000_5_2.0_chordal,val_epoch_task,val,cycle6,41,,,,,,,,,,4000,971.0,212.0,2649.0,168.0,0.8207945900253593,0.8525021949078139,0.8363479971885681,0.8363479971885681,0.8363479971885681,1139.0,0.2847500145435333
fedavg,fedavg,434|504,434|504,2,504,data_2000_3_11_chordal,train_epoch,train,,41,1.0,0.12901561480760573,,,,,,,,2000,,,,,,,,,,,
fedavg,fedavg,434|504,434|504,2,504,data_2000_3_11_chordal,train_epoch,train,,41,2.0,0.13831931340694428,,,,,,,,2000,,,,,,,,,,,
fedavg,fedavg,434|504,434|504,2,504,data_2000_3_11_chordal,train_epoch,train,,41,3.0,0.10366158571839333,,,,,,,,2000,,,,,,,,,,,
fedavg,fedavg,434|504,434|504,2,504,data_2000_3_11_chordal,train_epoch,train,,41,4.0,0.11714612138271331,,,,,,,,2000,,,,,,,,,,,
fedavg,fedavg,434|504,434|504,2,504,data_2000_3_11_chordal,train_epoch,train,,41,5.0,0.10075997266918421,,,,,,,,2000,,,,,,,,,,,
fedavg,fedavg,434|504,434|504,2,504,data_2000_3_11_chordal,val_epoch,val,,41,,,0.1065811517345719,0.9811,0.9185000061988831,0.8844036697247707,0.9028118252754211,0.9028118252754211,0.9028118252754211,2000,,,,,,,,,,,
fedavg,fedavg,434|504,434|504,2,504,data_2000_3_11_chordal,val_epoch_task,val,cycle2,41,,,,,,,,,,2000,82.0,5.0,1913.0,0.0,0.9425287356321839,1.0,0.9704142212867737,0.9704142212867737,0.9704142212867737,82.0,0.04100000113248825
fedavg,fedavg,434|504,434|504,2,504,data_2000_3_11_chordal,val_epoch_task,val,cycle3,41,,,,,,,,,,2000,128.0,11.0,1861.0,0.0,0.920863309352518,1.0,0.9588015079498291,0.9588015079498291,0.9588015079498291,128.0,0.06400000303983688
fedavg,fedavg,434|504,434|504,2,504,data_2000_3_11_chordal,val_epoch_task,val,cycle4,41,,,,,,,,,,2000,155.0,22.0,1821.0,2.0,0.8757062146892656,0.9872611464968153,0.9281436800956726,0.9281436800956726,0.9281436800956726,157.0,0.07850000262260437
fedavg,fedavg,434|504,434|504,2,504,data_2000_3_11_chordal,val_epoch_task,val,cycle5,41,,,,,,,,,,2000,185.0,54.0,1759.0,2.0,0.7740585774058577,0.9893048128342246,0.8685446381568909,0.8685446381568909,0.8685446381568909,187.0,0.09350000321865082
fedavg,fedavg,434|504,434|504,2,504,data_2000_3_11_chordal,val_epoch_task,val,cycle6,41,,,,,,,,,,2000,173.0,83.0,1734.0,10.0,0.67578125,0.9453551912568307,0.7881549000740051,0.7881549000740051,0.7881549000740051,183.0,0.09149999916553497
fedavg,fedavg,434|504,434|504,2,434,data_4000_5_2.0_chordal,global_val_client,val,,41,,,0.14041631507873537,0.9503,0.8019999861717224,0.943657181725428,0.9341320991516113,0.9341320991516113,0.9341320991516113,4000,,,,,,,,,,,
fedavg,fedavg,434|504,434|504,2,434,data_4000_5_2.0_chordal,global_val_client_task,val,cycle2,41,,,,,,,,,,4000,1986.0,10.0,2004.0,0.0,0.9949899799599199,1.0,0.9974886775016785,0.9974886775016785,0.9974886775016785,1986.0,0.4964999854564667
fedavg,fedavg,434|504,434|504,2,434,data_4000_5_2.0_chordal,global_val_client_task,val,cycle3,41,,,,,,,,,,4000,1986.0,17.0,1996.0,1.0,0.9915127309036446,0.9994967287367891,0.9954887628555298,0.9954887628555298,0.9954887628555298,1987.0,0.49674999713897705
fedavg,fedavg,434|504,434|504,2,434,data_4000_5_2.0_chordal,global_val_client_task,val,cycle4,41,,,,,,,,,,4000,1748.0,92.0,2145.0,15.0,0.95,0.9914917753828701,0.9703024625778198,0.9703024625778198,0.9703024625778198,1763.0,0.44075000286102295
fedavg,fedavg,434|504,434|504,2,434,data_4000_5_2.0_chordal,global_val_client_task,val,cycle5,41,,,,,,,,,,4000,1500.0,294.0,2181.0,25.0,0.8361204013377926,0.9836065573770492,0.9038867950439453,0.9038867950439453,0.9038867950439453,1525.0,0.3812499940395355
fedavg,fedavg,434|504,434|504,2,434,data_4000_5_2.0_chordal,global_val_client_task,val,cycle6,41,,,,,,,,,,4000,1104.0,505.0,2356.0,35.0,0.6861404599129894,0.9692712906057945,0.8034934997558594,0.8034934997558594,0.8034934997558594,1139.0,0.2847500145435333
fedavg,fedavg,434|504,434|504,2,504,data_2000_3_11_chordal,global_val_client,val,,41,,,0.13554267418384552,0.9842,0.9375,0.9007537688442212,0.9136365056037903,0.9136365056037903,0.9136365056037903,2000,,,,,,,,,,,
fedavg,fedavg,434|504,434|504,2,504,data_2000_3_11_chordal,global_val_client_task,val,cycle2,41,,,,,,,,,,2000,82.0,6.0,1912.0,0.0,0.9318181818181818,1.0,0.9647058844566345,0.9647058844566345,0.9647058844566345,82.0,0.04100000113248825
fedavg,fedavg,434|504,434|504,2,504,data_2000_3_11_chordal,global_val_client_task,val,cycle3,41,,,,,,,,,,2000,128.0,13.0,1859.0,0.0,0.9078014184397163,1.0,0.9516728520393372,0.9516728520393372,0.9516728520393372,128.0,0.06400000303983688
fedavg,fedavg,434|504,434|504,2,504,data_2000_3_11_chordal,global_val_client_task,val,cycle4,41,,,,,,,,,,2000,157.0,17.0,1826.0,0.0,0.9022988505747126,1.0,0.9486404657363892,0.9486404657363892,0.9486404657363892,157.0,0.07850000262260437
fedavg,fedavg,434|504,434|504,2,504,data_2000_3_11_chordal,global_val_client_task,val,cycle5,41,,,,,,,,,,2000,181.0,43.0,1770.0,6.0,0.8080357142857143,0.9679144385026738,0.8807786703109741,0.8807786703109741,0.8807786703109741,187.0,0.09350000321865082
fedavg,fedavg,434|504,434|504,2,504,data_2000_3_11_chordal,global_val_client_task,val,cycle6,41,,,,,,,,,,2000,169.0,59.0,1758.0,14.0,0.7412280701754386,0.9234972677595629,0.8223844170570374,0.8223844170570374,0.8223844170570374,183.0,0.09149999916553497
fedavg,fedavg,434|504,434|504,2,all,all,global_val_mean,val,,41,,,0.13879176811377208,0.9616,0.8471666574478149,0.929356044098359,0.927300234635671,0.927300234635671,0.927300234635671,6000,,,,,,,,,,,
fedavg,fedavg,434|504,434|504,2,434,data_4000_5_2.0_chordal,train_epoch,train,,42,1.0,0.070198775857687,,,,,,,,4000,,,,,,,,,,,
fedavg,fedavg,434|504,434|504,2,434,data_4000_5_2.0_chordal,train_epoch,train,,42,2.0,0.060032915428280834,,,,,,,,4000,,,,,,,,,,,
fedavg,fedavg,434|504,434|504,2,434,data_4000_5_2.0_chordal,train_epoch,train,,42,3.0,0.06425514028966427,,,,,,,,4000,,,,,,,,,,,
fedavg,fedavg,434|504,434|504,2,434,data_4000_5_2.0_chordal,train_epoch,train,,42,4.0,0.07429304707050323,,,,,,,,4000,,,,,,,,,,,
fedavg,fedavg,434|504,434|504,2,434,data_4000_5_2.0_chordal,train_epoch,train,,42,5.0,0.07311939704418183,,,,,,,,4000,,,,,,,,,,,
fedavg,fedavg,434|504,434|504,2,434,data_4000_5_2.0_chordal,val_epoch,val,,42,,,0.11450487846136093,0.9634,0.847000002861023,0.9570624120131394,0.9465936422348022,0.9465936422348022,0.9465936422348022,4000,,,,,,,,,,,
fedavg,fedavg,434|504,434|504,2,434,data_4000_5_2.0_chordal,val_epoch_task,val,cycle2,42,,,,,,,,,,4000,1985.0,8.0,2006.0,1.0,0.9959859508278976,0.999496475327291,0.9977380633354187,0.9977380633354187,0.9977380633354187,1986.0,0.4964999854564667
fedavg,fedavg,434|504,434|504,2,434,data_4000_5_2.0_chordal,val_epoch_task,val,cycle3,42,,,,,,,,,,4000,1986.0,22.0,1991.0,1.0,0.9890438247011952,0.9994967287367891,0.9942428469657898,0.9942428469657898,0.9942428469657898,1987.0,0.49674999713897705
fedavg,fedavg,434|504,434|504,2,434,data_4000_5_2.0_chordal,val_epoch_task,val,cycle4,42,,,,,,,,,,4000,1739.0,37.0,2200.0,24.0,0.9791666666666666,0.9863868406125922,0.9827634692192078,0.9827634692192078,0.9827634692192078,1763.0,0.44075000286102295
fedavg,fedavg,434|504,434|504,2,434,data_4000_5_2.0_chordal,val_epoch_task,val,cycle5,42,,,,,,,,,,4000,1424.0,112.0,2363.0,101.0,0.9270833333333334,0.9337704918032786,0.9304148554801941,0.9304148554801941,0.9304148554801941,1525.0,0.3812499940395355
fedavg,fedavg,434|504,434|504,2,434,data_4000_5_2.0_chordal,val_epoch_task,val,cycle6,42,,,,,,,,,,4000,1024.0,311.0,2550.0,115.0,0.7670411985018727,0.8990342405618964,0.82780921459198,0.82780921459198,0.82780921459198,1139.0,0.2847500145435333
fedavg,fedavg,434|504,434|504,2,504,data_2000_3_11_chordal,train_epoch,train,,42,1.0,0.12246378918737173,,,,,,,,2000,,,,,,,,,,,
fedavg,fedavg,434|504,434|504,2,504,data_2000_3_11_chordal,train_epoch,train,,42,2.0,0.12823704442381859,,,,,,,,2000,,,,,,,,,,,
fedavg,fedavg,434|504,434|504,2,504,data_2000_3_11_chordal,train_epoch,train,,42,3.0,0.10944171479344368,,,,,,,,2000,,,,,,,,,,,
fedavg,fedavg,434|504,434|504,2,504,data_2000_3_11_chordal,train_epoch,train,,42,4.0,0.09287564109638333,,,,,,,,2000,,,,,,,,,,,
fedavg,fedavg,434|504,434|504,2,504,data_2000_3_11_chordal,train_epoch,train,,42,5.0,0.12106156919896603,,,,,,,,2000,,,,,,,,,,,
fedavg,fedavg,434|504,434|504,2,504,data_2000_3_11_chordal,val_epoch,val,,42,,,0.1961995849609375,0.9789,0.9194999933242798,0.8696726374305127,0.8871898651123047,0.8871898651123047,0.8871898651123047,2000,,,,,,,,,,,
fedavg,fedavg,434|504,434|504,2,504,data_2000_3_11_chordal,val_epoch_task,val,cycle2,42,,,,,,,,,,2000,82.0,3.0,1915.0,0.0,0.9647058823529412,1.0,0.9820358753204346,0.9820358753204346,0.9820358753204346,82.0,0.04100000113248825
fedavg,fedavg,434|504,434|504,2,504,data_2000_3_11_chordal,val_epoch_task,val,cycle3,42,,,,,,,,,,2000,123.0,20.0,1852.0,5.0,0.8601398601398601,0.9609375,0.9077490568161011,0.9077490568161011,0.9077490568161011,128.0,0.06400000303983688
fedavg,fedavg,434|504,434|504,2,504,data_2000_3_11_chordal,val_epoch_task,val,cycle4,42,,,,,,,,,,2000,156.0,32.0,1811.0,1.0,0.8297872340425532,0.9936305732484076,0.904347836971283,0.904347836971283,0.904347836971283,157.0,0.07850000262260437
fedavg,fedavg,434|504,434|504,2,504,data_2000_3_11_chordal,val_epoch_task,val,cycle5,42,,,,,,,,,,2000,180.0,48.0,1765.0,7.0,0.7894736842105263,0.9625668449197861,0.8674699068069458,0.8674699068069458,0.8674699068069458,187.0,0.09350000321865082
fedavg,fedavg,434|504,434|504,2,504,data_2000_3_11_chordal,val_epoch_task,val,cycle6,42,,,,,,,,,,2000,163.0,75.0,1742.0,20.0,0.6848739495798319,0.8907103825136612,0.7743468284606934,0.7743468284606934,0.7743468284606934,183.0,0.09149999916553497
fedavg,fedavg,434|504,434|504,2,434,data_4000_5_2.0_chordal,global_val_client,val,,42,,,0.13482580280303955,0.94865,0.7960000038146973,0.9419281877297144,0.9322282671928406,0.9322282671928406,0.9322282671928406,4000,,,,,,,,,,,
fedavg,fedavg,434|504,434|504,2,434,data_4000_5_2.0_chordal,global_val_client_task,val,cycle2,42,,,,,,,,,,4000,1986.0,11.0,2003.0,0.0,0.9944917376064096,1.0,0.9972382187843323,0.9972382187843323,0.9972382187843323,1986.0,0.4964999854564667
fedavg,fedavg,434|504,434|504,2,434,data_4000_5_2.0_chordal,global_val_client_task,val,cycle3,42,,,,,,,,,,4000,1986.0,20.0,1993.0,1.0,0.9900299102691924,0.9994967287367891,0.9947407841682434,0.9947407841682434,0.9947407841682434,1987.0,0.49674999713897705
fedavg,fedavg,434|504,434|504,2,434,data_4000_5_2.0_chordal,global_val_client_task,val,cycle4,42,,,,,,,,,,4000,1761.0,143.0,2094.0,2.0,0.9248949579831933,0.9988655700510494,0.9604580998420715,0.9604580998420715,0.9604580998420715,1763.0,0.44075000286102295
fedavg,fedavg,434|504,434|504,2,434,data_4000_5_2.0_chordal,global_val_client_task,val,cycle5,42,,,,,,,,,,4000,1501.0,291.0,2184.0,24.0,0.8376116071428571,0.9842622950819672,0.9050346612930298,0.9050346612930298,0.9050346612930298,1525.0,0.3812499940395355
fedavg,fedavg,434|504,434|504,2,434,data_4000_5_2.0_chordal,global_val_client_task,val,cycle6,42,,,,,,,,,,4000,1095.0,491.0,2370.0,44.0,0.6904161412358134,0.961369622475856,0.8036696910858154,0.8036696910858154,0.8036696910858154,1139.0,0.2847500145435333
fedavg,fedavg,434|504,434|504,2,504,data_2000_3_11_chordal,global_val_client,val,,42,,,0.1790509698241949,0.9834,0.9300000071525574,0.8946700507614213,0.9091941118240356,0.9091941118240356,0.9091941118240356,2000,,,,,,,,,,,
fedavg,fedavg,434|504,434|504,2,504,data_2000_3_11_chordal,global_val_client_task,val,cycle2,42,,,,,,,,,,2000,82.0,8.0,1910.0,0.0,0.9111111111111111,1.0,0.9534883499145508,0.9534883499145508,0.9534883499145508,82.0,0.04100000113248825
fedavg,fedavg,434|504,434|504,2,504,data_2000_3_11_chordal,global_val_client_task,val,cycle3,42,,,,,,,,,,2000,128.0,7.0,1865.0,0.0,0.9481481481481482,1.0,0.9733840227127075,0.9733840227127075,0.9733840227127075,128.0,0.06400000303983688
fedavg,fedavg,434|504,434|504,2,504,data_2000_3_11_chordal,global_val_client_task,val,cycle4,42,,,,,,,,,,2000,155.0,15.0,1828.0,2.0,0.9117647058823529,0.9872611464968153,0.9480122327804565,0.9480122327804565,0.9480122327804565,157.0,0.07850000262260437
fedavg,fedavg,434|504,434|504,2,504,data_2000_3_11_chordal,global_val_client_task,val,cycle5,42,,,,,,,,,,2000,183.0,36.0,1777.0,4.0,0.8356164383561644,0.9786096256684492,0.9014778733253479,0.9014778733253479,0.9014778733253479,187.0,0.09350000321865082
fedavg,fedavg,434|504,434|504,2,504,data_2000_3_11_chordal,global_val_client_task,val,cycle6,42,,,,,,,,,,2000,157.0,68.0,1749.0,26.0,0.6977777777777778,0.8579234972677595,0.7696077823638916,0.7696077823638916,0.7696077823638916,183.0,0.09149999916553497
fedavg,fedavg,434|504,434|504,2,all,all,global_val_mean,val,,42,,,0.14956752514342467,0.9602333333333333,0.840666671593984,0.9261754754069501,0.9245502154032389,0.9245502154032389,0.9245502154032389,6000,,,,,,,,,,,
fedavg,fedavg,434|504,434|504,2,434,data_4000_5_2.0_chordal,train_epoch,train,,43,1.0,0.073099993288517,,,,,,,,4000,,,,,,,,,,,
fedavg,fedavg,434|504,434|504,2,434,data_4000_5_2.0_chordal,train_epoch,train,,43,2.0,0.07144334042072296,,,,,,,,4000,,,,,,,,,,,
fedavg,fedavg,434|504,434|504,2,434,data_4000_5_2.0_chordal,train_epoch,train,,43,3.0,0.07202971798181534,,,,,,,,4000,,,,,,,,,,,
fedavg,fedavg,434|504,434|504,2,434,data_4000_5_2.0_chordal,train_epoch,train,,43,4.0,0.0720121773481369,,,,,,,,4000,,,,,,,,,,,
fedavg,fedavg,434|504,434|504,2,434,data_4000_5_2.0_chordal,train_epoch,train,,43,5.0,0.06913545534014702,,,,,,,,4000,,,,,,,,,,,
fedavg,fedavg,434|504,434|504,2,434,data_4000_5_2.0_chordal,val_epoch,val,,43,,,0.12105563470721245,0.96135,0.8379999995231628,0.9549822374934482,0.9449864625930786,0.9449864625930786,0.9449864625930786,4000,,,,,,,,,,,
fedavg,fedavg,434|504,434|504,2,434,data_4000_5_2.0_chordal,val_epoch_task,val,cycle2,43,,,,,,,,,,4000,1983.0,4.0,2010.0,3.0,0.9979869149471565,0.9984894259818731,0.9982380867004395,0.9982380867004395,0.9982380867004395,1986.0,0.4964999854564667
fedavg,fedavg,434|504,434|504,2,434,data_4000_5_2.0_chordal,val_epoch_task,val,cycle3,43,,,,,,,,,,4000,1976.0,10.0,2003.0,11.0,0.9949647532729103,0.9944640161046804,0.9947143793106079,0.9947143793106079,0.9947143793106079,1987.0,0.49674999713897705
fedavg,fedavg,434|504,434|504,2,434,data_4000_5_2.0_chordal,val_epoch_task,val,cycle4,43,,,,,,,,,,4000,1735.0,36.0,2201.0,28.0,0.9796725014116319,0.9841179807146909,0.9818902015686035,0.9818902015686035,0.9818902015686035,1763.0,0.44075000286102295
fedavg,fedavg,434|504,434|504,2,434,data_4000_5_2.0_chordal,val_epoch_task,val,cycle5,43,,,,,,,,,,4000,1475.0,225.0,2250.0,50.0,0.8676470588235294,0.9672131147540983,0.9147287011146545,0.9147287011146545,0.9147287011146545,1525.0,0.3812499940395355
fedavg,fedavg,434|504,434|504,2,434,data_4000_5_2.0_chordal,val_epoch_task,val,cycle6,43,,,,,,,,,,4000,1030.0,297.0,2564.0,109.0,0.7761868877166541,0.9043020193151887,0.8353608846664429,0.8353608846664429,0.8353608846664429,1139.0,0.2847500145435333
fedavg,fedavg,434|504,434|504,2,504,data_2000_3_11_chordal,train_epoch,train,,43,1.0,0.11791819635033607,,,,,,,,2000,,,,,,,,,,,
fedavg,fedavg,434|504,434|504,2,504,data_2000_3_11_chordal,train_epoch,train,,43,2.0,0.11677254043333232,,,,,,,,2000,,,,,,,,,,,
fedavg,fedavg,434|504,434|504,2,504,data_2000_3_11_chordal,train_epoch,train,,43,3.0,0.12876976951956748,,,,,,,,2000,,,,,,,,,,,
fedavg,fedavg,434|504,434|504,2,504,data_2000_3_11_chordal,train_epoch,train,,43,4.0,0.10982585002190899,,,,,,,,2000,,,,,,,,,,,
fedavg,fedavg,434|504,434|504,2,504,data_2000_3_11_chordal,train_epoch,train,,43,5.0,0.13229725190252065,,,,,,,,2000,,,,,,,,,,,
fedavg,fedavg,434|504,434|504,2,504,data_2000_3_11_chordal,val_epoch,val,,43,,,0.1425650685429573,0.9758,0.9024999737739563,0.8566350710900473,0.8833975791931152,0.8833975791931152,0.8833975791931152,2000,,,,,,,,,,,
fedavg,fedavg,434|504,434|504,2,504,data_2000_3_11_chordal,val_epoch_task,val,cycle2,43,,,,,,,,,,2000,79.0,4.0,1914.0,3.0,0.9518072289156626,0.9634146341463414,0.9575757384300232,0.9575757384300232,0.9575757384300232,82.0,0.04100000113248825
fedavg,fedavg,434|504,434|504,2,504,data_2000_3_11_chordal,val_epoch_task,val,cycle3,43,,,,,,,,,,2000,125.0,7.0,1865.0,3.0,0.946969696969697,0.9765625,0.9615384340286255,0.9615384340286255,0.9615384340286255,128.0,0.06400000303983688
fedavg,fedavg,434|504,434|504,2,504,data_2000_3_11_chordal,val_epoch_task,val,cycle4,43,,,,,,,,,,2000,156.0,23.0,1820.0,1.0,0.8715083798882681,0.9936305732484076,0.9285714030265808,0.9285714030265808,0.9285714030265808,157.0,0.07850000262260437
fedavg,fedavg,434|504,434|504,2,504,data_2000_3_11_chordal,val_epoch_task,val,cycle5,43,,,,,,,,,,2000,182.0,75.0,1738.0,5.0,0.708171206225681,0.9732620320855615,0.8198198080062866,0.8198198080062866,0.8198198080062866,187.0,0.09350000321865082
fedavg,fedavg,434|504,434|504,2,504,data_2000_3_11_chordal,val_epoch_task,val,cycle6,43,,,,,,,,,,2000,181.0,119.0,1698.0,2.0,0.6033333333333334,0.9890710382513661,0.7494823932647705,0.7494823932647705,0.7494823932647705,183.0,0.09149999916553497
fedavg,fedavg,434|504,434|504,2,434,data_4000_5_2.0_chordal,global_val_client,val,,43,,,0.16266806054115296,0.93925,0.7609999775886536,0.9321873081431044,0.9226260185241699,0.9226260185241699,0.9226260185241699,4000,,,,,,,,,,,
fedavg,fedavg,434|504,434|504,2,434,data_4000_5_2.0_chordal,global_val_client_task,val,cycle2,43,,,,,,,,,,4000,1986.0,8.0,2006.0,0.0,0.995987963891675,1.0,0.9979899525642395,0.9979899525642395,0.9979899525642395,1986.0,0.4964999854564667
fedavg,fedavg,434|504,434|504,2,434,data_4000_5_2.0_chordal,global_val_client_task,val,cycle3,43,,,,,,,,,,4000,1983.0,26.0,1987.0,4.0,0.987058237929318,0.9979869149471565,0.9924924373626709,0.9924924373626709,0.9924924373626709,1987.0,0.49674999713897705
fedavg,fedavg,434|504,434|504,2,434,data_4000_5_2.0_chordal,global_val_client_task,val,cycle4,43,,,,,,,,,,4000,1755.0,133.0,2104.0,8.0,0.9295550847457628,0.9954622802041974,0.9613804221153259,0.9613804221153259,0.9613804221153259,1763.0,0.44075000286102295
fedavg,fedavg,434|504,434|504,2,434,data_4000_5_2.0_chordal,global_val_client_task,val,cycle5,43,,,,,,,,,,4000,1514.0,400.0,2075.0,11.0,0.7910135841170324,0.9927868852459016,0.8804885149002075,0.8804885149002075,0.8804885149002075,1525.0,0.3812499940395355
fedavg,fedavg,434|504,434|504,2,434,data_4000_5_2.0_chordal,global_val_client_task,val,cycle6,43,,,,,,,,,,4000,1113.0,599.0,2262.0,26.0,0.6501168224299065,0.9771729587357331,0.7807786464691162,0.7807786464691162,0.7807786464691162,1139.0,0.2847500145435333
fedavg,fedavg,434|504,434|504,2,504,data_2000_3_11_chordal,global_val_client,val,,43,,,0.18606742530688644,0.9816,0.9265000224113464,0.8836915297092288,0.9012957811355591,0.9012957811355591,0.9012957811355591,2000,,,,,,,,,,,
fedavg,fedavg,434|504,434|504,2,504,data_2000_3_11_chordal,global_val_client_task,val,cycle2,43,,,,,,,,,,2000,82.0,3.0,1915.0,0.0,0.9647058823529412,1.0,0.9820358753204346,0.9820358753204346,0.9820358753204346,82.0,0.04100000113248825
fedavg,fedavg,434|504,434|504,2,504,data_2000_3_11_chordal,global_val_client_task,val,cycle3,43,,,,,,,,,,2000,128.0,18.0,1854.0,0.0,0.8767123287671232,1.0,0.9343065619468689,0.9343065619468689,0.9343065619468689,128.0,0.06400000303983688
fedavg,fedavg,434|504,434|504,2,504,data_2000_3_11_chordal,global_val_client_task,val,cycle4,43,,,,,,,,,,2000,154.0,13.0,1830.0,3.0,0.9221556886227545,0.9808917197452229,0.9506173133850098,0.9506173133850098,0.9506173133850098,157.0,0.07850000262260437
fedavg,fedavg,434|504,434|504,2,504,data_2000_3_11_chordal,global_val_client_task,val,cycle5,43,,,,,,,,,,2000,179.0,45.0,1768.0,8.0,0.7991071428571429,0.9572192513368984,0.8710461854934692,0.8710461854934692,0.8710461854934692,187.0,0.09350000321865082
fedavg,fedavg,434|504,434|504,2,504,data_2000_3_11_chordal,global_val_client_task,val,cycle6,43,,,,,,,,,,2000,156.0,67.0,1750.0,27.0,0.6995515695067265,0.8524590163934426,0.7684729099273682,0.7684729099273682,0.7684729099273682,183.0,0.09149999916553497
fedavg,fedavg,434|504,434|504,2,all,all,global_val_mean,val,,43,,,0.17046784879639745,0.9533666666666666,0.8161666591962179,0.9160220486651459,0.9155159393946329,0.9155159393946329,0.9155159393946329,6000,,,,,,,,,,,
fedavg,fedavg,434|504,434|504,2,434,data_4000_5_2.0_chordal,train_epoch,train,,44,1.0,0.07401217207312584,,,,,,,,4000,,,,,,,,,,,
fedavg,fedavg,434|504,434|504,2,434,data_4000_5_2.0_chordal,train_epoch,train,,44,2.0,0.07625811363756657,,,,,,,,4000,,,,,,,,,,,
fedavg,fedavg,434|504,434|504,2,434,data_4000_5_2.0_chordal,train_epoch,train,,44,3.0,0.0686687992811203,,,,,,,,4000,,,,,,,,,,,
fedavg,fedavg,434|504,434|504,2,434,data_4000_5_2.0_chordal,train_epoch,train,,44,4.0,0.06649632768332958,,,,,,,,4000,,,,,,,,,,,
fedavg,fedavg,434|504,434|504,2,434,data_4000_5_2.0_chordal,train_epoch,train,,44,5.0,0.06711198303103447,,,,,,,,4000,,,,,,,,,,,
fedavg,fedavg,434|504,434|504,2,434,data_4000_5_2.0_chordal,val_epoch,val,,44,,,0.1342700808644295,0.9611,0.8392500281333923,0.9543159130945389,0.943691611289978,0.943691611289978,0.943691611289978,4000,,,,,,,,,,,
fedavg,fedavg,434|504,434|504,2,434,data_4000_5_2.0_chordal,val_epoch_task,val,cycle2,44,,,,,,,,,,4000,1982.0,16.0,1998.0,4.0,0.991991991991992,0.9979859013091642,0.994979977607727,0.994979977607727,0.994979977607727,1986.0,0.4964999854564667
fedavg,fedavg,434|504,434|504,2,434,data_4000_5_2.0_chordal,val_epoch_task,val,cycle3,44,,,,,,,,,,4000,1979.0,15.0,1998.0,8.0,0.9924774322968907,0.995973829894313,0.9942225217819214,0.9942225217819214,0.9942225217819214,1987.0,0.49674999713897705
fedavg,fedavg,434|504,434|504,2,434,data_4000_5_2.0_chordal,val_epoch_task,val,cycle4,44,,,,,,,,,,4000,1726.0,40.0,2197.0,37.0,0.9773499433748585,0.979013045944413,0.9781807661056519,0.9781807661056519,0.9781807661056519,1763.0,0.44075000286102295
fedavg,fedavg,434|504,434|504,2,434,data_4000_5_2.0_chordal,val_epoch_task,val,cycle5,44,,,,,,,,,,4000,1426.0,134.0,2341.0,99.0,0.9141025641025641,0.9350819672131148,0.9244732856750488,0.9244732856750488,0.9244732856750488,1525.0,0.3812499940395355
fedavg,fedavg,434|504,434|504,2,434,data_4000_5_2.0_chordal,val_epoch_task,val,cycle6,44,,,,,,,,,,4000,1013.0,299.0,2562.0,126.0,0.7721036585365854,0.8893766461808604,0.8266013860702515,0.8266013860702515,0.8266013860702515,1139.0,0.2847500145435333
fedavg,fedavg,434|504,434|504,2,504,data_2000_3_11_chordal,train_epoch,train,,44,1.0,0.09213247126340866,,,,,,,,2000,,,,,,,,,,,
fedavg,fedavg,434|504,434|504,2,504,data_2000_3_11_chordal,train_epoch,train,,44,2.0,0.10913988870382309,,,,,,,,2000,,,,,,,,,,,
fedavg,fedavg,434|504,434|504,2,504,data_2000_3_11_chordal,train_epoch,train,,44,3.0,0.12486097975075244,,,,,,,,2000,,,,,,,,,,,
fedavg,fedavg,434|504,434|504,2,504,data_2000_3_11_chordal,train_epoch,train,,44,4.0,0.11623232108354568,,,,,,,,2000,,,,,,,,,,,
fedavg,fedavg,434|504,434|504,2,504,data_2000_3_11_chordal,train_epoch,train,,44,5.0,0.13889128294587136,,,,,,,,2000,,,,,,,,,,,
fedavg,fedavg,434|504,434|504,2,504,data_2000_3_11_chordal,val_epoch,val,,44,,,0.12045335429906845,0.9721,0.8955000042915344,0.8393782383419689,0.8669883012771606,0.8669883012771606,0.8669883012771606,2000,,,,,,,,,,,
fedavg,fedavg,434|504,434|504,2,504,data_2000_3_11_chordal,val_epoch_task,val,cycle2,44,,,,,,,,,,2000,82.0,5.0,1913.0,0.0,0.9425287356321839,1.0,0.9704142212867737,0.9704142212867737,0.9704142212867737,82.0,0.04100000113248825
fedavg,fedavg,434|504,434|504,2,504,data_2000_3_11_chordal,val_epoch_task,val,cycle3,44,,,,,,,,,,2000,127.0,15.0,1857.0,1.0,0.8943661971830986,0.9921875,0.9407407641410828,0.9407407641410828,0.9407407641410828,128.0,0.06400000303983688
fedavg,fedavg,434|504,434|504,2,504,data_2000_3_11_chordal,val_epoch_task,val,cycle4,44,,,,,,,,,,2000,157.0,43.0,1800.0,0.0,0.785,1.0,0.8795518279075623,0.8795518279075623,0.8795518279075623,157.0,0.07850000262260437
fedavg,fedavg,434|504,434|504,2,504,data_2000_3_11_chordal,val_epoch_task,val,cycle5,44,,,,,,,,,,2000,186.0,89.0,1724.0,1.0,0.6763636363636364,0.9946524064171123,0.8051948547363281,0.8051948547363281,0.8051948547363281,187.0,0.09350000321865082
fedavg,fedavg,434|504,434|504,2,504,data_2000_3_11_chordal,val_epoch_task,val,cycle6,44,,,,,,,,,,2000,177.0,119.0,1698.0,6.0,0.597972972972973,0.9672131147540983,0.7390396595001221,0.7390396595001221,0.7390396595001221,183.0,0.09149999916553497
fedavg,fedavg,434|504,434|504,2,434,data_4000_5_2.0_chordal,global_val_client,val,,44,,,0.14121321046352386,0.9486,0.796999990940094,0.9418552036199096,0.9319469332695007,0.9319469332695007,0.9319469332695007,4000,,,,,,,,,,,
fedavg,fedavg,434|504,434|504,2,434,data_4000_5_2.0_chordal,global_val_client_task,val,cycle2,44,,,,,,,,,,4000,1986.0,8.0,2006.0,0.0,0.995987963891675,1.0,0.9979899525642395,0.9979899525642395,0.9979899525642395,1986.0,0.4964999854564667
fedavg,fedavg,434|504,434|504,2,434,data_4000_5_2.0_chordal,global_val_client_task,val,cycle3,44,,,,,,,,,,4000,1987.0,16.0,1997.0,0.0,0.9920119820269596,1.0,0.9959899187088013,0.9959899187088013,0.9959899187088013,1987.0,0.49674999713897705
fedavg,fedavg,434|504,434|504,2,434,data_4000_5_2.0_chordal,global_val_client_task,val,cycle4,44,,,,,,,,,,4000,1758.0,130.0,2107.0,5.0,0.9311440677966102,0.9971639251276234,0.963023841381073,0.963023841381073,0.963023841381073,1763.0,0.44075000286102295
fedavg,fedavg,434|504,434|504,2,434,data_4000_5_2.0_chordal,global_val_client_task,val,cycle5,44,,,,,,,,,,4000,1505.0,300.0,2175.0,20.0,0.8337950138504155,0.9868852459016394,0.9039039015769958,0.9039039015769958,0.9039039015769958,1525.0,0.3812499940395355
fedavg,fedavg,434|504,434|504,2,434,data_4000_5_2.0_chordal,global_val_client_task,val,cycle6,44,,,,,,,,,,4000,1090.0,500.0,2361.0,49.0,0.6855345911949685,0.9569798068481123,0.7988273501396179,0.7988273501396179,0.7988273501396179,1139.0,0.2847500145435333
fedavg,fedavg,434|504,434|504,2,504,data_2000_3_11_chordal,global_val_client,val,,44,,,0.13026851809024811,0.9827,0.925000011920929,0.8926132836747361,0.9085918664932251,0.9085918664932251,0.9085918664932251,2000,,,,,,,,,,,
fedavg,fedavg,434|504,434|504,2,504,data_2000_3_11_chordal,global_val_client_task,val,cycle2,44,,,,,,,,,,2000,82.0,6.0,1912.0,0.0,0.9318181818181818,1.0,0.9647058844566345,0.9647058844566345,0.9647058844566345,82.0,0.04100000113248825
fedavg,fedavg,434|504,434|504,2,504,data_2000_3_11_chordal,global_val_client_task,val,cycle3,44,,,,,,,,,,2000,128.0,8.0,1864.0,0.0,0.9411764705882353,1.0,0.9696969985961914,0.9696969985961914,0.9696969985961914,128.0,0.06400000303983688
fedavg,fedavg,434|504,434|504,2,504,data_2000_3_11_chordal,global_val_client_task,val,cycle4,44,,,,,,,,,,2000,155.0,24.0,1819.0,2.0,0.8659217877094972,0.9872611464968153,0.9226189851760864,0.9226189851760864,0.9226189851760864,157.0,0.07850000262260437
fedavg,fedavg,434|504,434|504,2,504,data_2000_3_11_chordal,global_val_client_task,val,cycle5,44,,,,,,,,,,2000,185.0,40.0,1773.0,2.0,0.8222222222222222,0.9893048128342246,0.8980583548545837,0.8980583548545837,0.8980583548545837,187.0,0.09350000321865082
fedavg,fedavg,434|504,434|504,2,504,data_2000_3_11_chordal,global_val_client_task,val,cycle6,44,,,,,,,,,,2000,169.0,77.0,1740.0,14.0,0.6869918699186992,0.9234972677595629,0.7878788113594055,0.7878788113594055,0.7878788113594055,183.0,0.09149999916553497
fedavg,fedavg,434|504,434|504,2,all,all,global_val_mean,val,,44,,,0.13756497967243195,0.9599666666666667,0.8396666646003723,0.9254412303048518,0.9241619110107422,0.9241619110107422,0.9241619110107422,6000,,,,,,,,,,,
fedavg,fedavg,434|504,434|504,2,434,data_4000_5_2.0_chordal,train_epoch,train,,45,1.0,0.07774246779084205,,,,,,,,4000,,,,,,,,,,,
fedavg,fedavg,434|504,434|504,2,434,data_4000_5_2.0_chordal,train_epoch,train,,45,2.0,0.07163925336301327,,,,,,,,4000,,,,,,,,,,,
fedavg,fedavg,434|504,434|504,2,434,data_4000_5_2.0_chordal,train_epoch,train,,45,3.0,0.07218290576338768,,,,,,,,4000,,,,,,,,,,,
fedavg,fedavg,434|504,434|504,2,434,data_4000_5_2.0_chordal,train_epoch,train,,45,4.0,0.06637260234355927,,,,,,,,4000,,,,,,,,,,,
fedavg,fedavg,434|504,434|504,2,434,data_4000_5_2.0_chordal,train_epoch,train,,45,5.0,0.07032316991686821,,,,,,,,4000,,,,,,,,,,,
fedavg,fedavg,434|504,434|504,2,434,data_4000_5_2.0_chordal,val_epoch,val,,45,,,0.15058186799287795,0.96255,0.8395000100135803,0.9546033092914722,0.9368246793746948,0.9368246793746948,0.9368246793746948,4000,,,,,,,,,,,
fedavg,fedavg,434|504,434|504,2,434,data_4000_5_2.0_chordal,val_epoch_task,val,cycle2,45,,,,,,,,,,4000,1983.0,7.0,2007.0,3.0,0.9964824120603015,0.9984894259818731,0.9974849224090576,0.9974849224090576,0.9974849224090576,1986.0,0.4964999854564667
fedavg,fedavg,434|504,434|504,2,434,data_4000_5_2.0_chordal,val_epoch_task,val,cycle3,45,,,,,,,,,,4000,1982.0,15.0,1998.0,5.0,0.9924887330996495,0.9974836436839456,0.994979977607727,0.994979977607727,0.994979977607727,1987.0,0.49674999713897705
fedavg,fedavg,434|504,434|504,2,434,data_4000_5_2.0_chordal,val_epoch_task,val,cycle4,45,,,,,,,,,,4000,1742.0,31.0,2206.0,21.0,0.9825155104342922,0.9880884855360181,0.9852941632270813,0.9852941632270813,0.9852941632270813,1763.0,0.44075000286102295
fedavg,fedavg,434|504,434|504,2,434,data_4000_5_2.0_chordal,val_epoch_task,val,cycle5,45,,,,,,,,,,4000,1374.0,71.0,2404.0,151.0,0.9508650519031142,0.9009836065573771,0.9252525568008423,0.9252525568008423,0.9252525568008423,1525.0,0.3812499940395355
fedavg,fedavg,434|504,434|504,2,434,data_4000_5_2.0_chordal,val_epoch_task,val,cycle6,45,,,,,,,,,,4000,794.0,100.0,2761.0,345.0,0.8881431767337807,0.6971027216856892,0.7811117172241211,0.7811117172241211,0.7811117172241211,1139.0,0.2847500145435333
fedavg,fedavg,434|504,434|504,2,504,data_2000_3_11_chordal,train_epoch,train,,45,1.0,0.13375335094332694,,,,,,,,2000,,,,,,,,,,,
fedavg,fedavg,434|504,434|504,2,504,data_2000_3_11_chordal,train_epoch,train,,45,2.0,0.11944282788038253,,,,,,,,2000,,,,,,,,,,,
fedavg,fedavg,434|504,434|504,2,504,data_2000_3_11_chordal,train_epoch,train,,45,3.0,0.11308359372615814,,,,,,,,2000,,,,,,,,,,,
fedavg,fedavg,434|504,434|504,2,504,data_2000_3_11_chordal,train_epoch,train,,45,4.0,0.16279248398542404,,,,,,,,2000,,,,,,,,,,,
fedavg,fedavg,434|504,434|504,2,504,data_2000_3_11_chordal,train_epoch,train,,45,5.0,0.14703520768880843,,,,,,,,2000,,,,,,,,,,,
fedavg,fedavg,434|504,434|504,2,504,data_2000_3_11_chordal,val_epoch,val,,45,,,0.12879613816738128,0.965,0.8690000176429749,0.8072687224669602,0.8383709192276001,0.8383709192276001,0.8383709192276001,2000,,,,,,,,,,,
fedavg,fedavg,434|504,434|504,2,504,data_2000_3_11_chordal,val_epoch_task,val,cycle2,45,,,,,,,,,,2000,82.0,10.0,1908.0,0.0,0.8913043478260869,1.0,0.9425287246704102,0.9425287246704102,0.9425287246704102,82.0,0.04100000113248825
fedavg,fedavg,434|504,434|504,2,504,data_2000_3_11_chordal,val_epoch_task,val,cycle3,45,,,,,,,,,,2000,128.0,37.0,1835.0,0.0,0.7757575757575758,1.0,0.873720109462738,0.873720109462738,0.873720109462738,128.0,0.06400000303983688
fedavg,fedavg,434|504,434|504,2,504,data_2000_3_11_chordal,val_epoch_task,val,cycle4,45,,,,,,,,,,2000,157.0,36.0,1807.0,0.0,0.8134715025906736,1.0,0.8971428275108337,0.8971428275108337,0.8971428275108337,157.0,0.07850000262260437
fedavg,fedavg,434|504,434|504,2,504,data_2000_3_11_chordal,val_epoch_task,val,cycle5,45,,,,,,,,,,2000,184.0,83.0,1730.0,3.0,0.6891385767790262,0.983957219251337,0.8105726838111877,0.8105726838111877,0.8105726838111877,187.0,0.09350000321865082
fedavg,fedavg,434|504,434|504,2,504,data_2000_3_11_chordal,val_epoch_task,val,cycle6,45,,,,,,,,,,2000,182.0,180.0,1637.0,1.0,0.5027624309392266,0.994535519125683,0.6678898930549622,0.6678898930549622,0.6678898930549622,183.0,0.09149999916553497
fedavg,fedavg,434|504,434|504,2,434,data_4000_5_2.0_chordal,global_val_client,val,,45,,,0.12007158303260804,0.95785,0.8255000114440918,0.9516988483355298,0.9422173500061035,0.9422173500061035,0.9422173500061035,4000,,,,,,,,,,,
fedavg,fedavg,434|504,434|504,2,434,data_4000_5_2.0_chordal,global_val_client_task,val,cycle2,45,,,,,,,,,,4000,1986.0,10.0,2004.0,0.0,0.9949899799599199,1.0,0.9974886775016785,0.9974886775016785,0.9974886775016785,1986.0,0.4964999854564667
fedavg,fedavg,434|504,434|504,2,434,data_4000_5_2.0_chordal,global_val_client_task,val,cycle3,45,,,,,,,,,,4000,1987.0,30.0,1983.0,0.0,0.985126425384234,1.0,0.9925074577331543,0.9925074577331543,0.9925074577331543,1987.0,0.49674999713897705
fedavg,fedavg,434|504,434|504,2,434,data_4000_5_2.0_chordal,global_val_client_task,val,cycle4,45,,,,,,,,,,4000,1758.0,91.0,2146.0,5.0,0.950784207679827,0.9971639251276234,0.9734219312667847,0.9734219312667847,0.9734219312667847,1763.0,0.44075000286102295
fedavg,fedavg,434|504,434|504,2,434,data_4000_5_2.0_chordal,global_val_client_task,val,cycle5,45,,,,,,,,,,4000,1499.0,222.0,2253.0,26.0,0.8710052295177223,0.9829508196721312,0.9235982894897461,0.9235982894897461,0.9235982894897461,1525.0,0.3812499940395355
fedavg,fedavg,434|504,434|504,2,434,data_4000_5_2.0_chordal,global_val_client_task,val,cycle6,45,,,,,,,,,,4000,1075.0,395.0,2466.0,64.0,0.7312925170068028,0.9438103599648815,0.8240705132484436,0.8240705132484436,0.8240705132484436,1139.0,0.2847500145435333
fedavg,fedavg,434|504,434|504,2,504,data_2000_3_11_chordal,global_val_client,val,,45,,,0.14639636653661728,0.9826,0.9279999732971191,0.8909774436090226,0.9063891172409058,0.9063891172409058,0.9063891172409058,2000,,,,,,,,,,,
fedavg,fedavg,434|504,434|504,2,504,data_2000_3_11_chordal,global_val_client_task,val,cycle2,45,,,,,,,,,,2000,82.0,4.0,1914.0,0.0,0.9534883720930233,1.0,0.976190447807312,0.976190447807312,0.976190447807312,82.0,0.04100000113248825
fedavg,fedavg,434|504,434|504,2,504,data_2000_3_11_chordal,global_val_client_task,val,cycle3,45,,,,,,,,,,2000,128.0,19.0,1853.0,0.0,0.8707482993197279,1.0,0.9309090971946716,0.9309090971946716,0.9309090971946716,128.0,0.06400000303983688
fedavg,fedavg,434|504,434|504,2,504,data_2000_3_11_chordal,global_val_client_task,val,cycle4,45,,,,,,,,,,2000,155.0,13.0,1830.0,2.0,0.9226190476190477,0.9872611464968153,0.9538462162017822,0.9538462162017822,0.9538462162017822,157.0,0.07850000262260437
fedavg,fedavg,434|504,434|504,2,504,data_2000_3_11_chordal,global_val_client_task,val,cycle5,45,,,,,,,,,,2000,180.0,51.0,1762.0,7.0,0.7792207792207793,0.9625668449197861,0.8612440228462219,0.8612440228462219,0.8612440228462219,187.0,0.09350000321865082
fedavg,fedavg,434|504,434|504,2,504,data_2000_3_11_chordal,global_val_client_task,val,cycle6,45,,,,,,,,,,2000,166.0,61.0,1756.0,17.0,0.7312775330396476,0.907103825136612,0.8097560405731201,0.8097560405731201,0.8097560405731201,183.0,0.09149999916553497
fedavg,fedavg,434|504,434|504,2,all,all,global_val_mean,val,,45,,,0.12884651086727777,0.9661000000000001,0.859666665395101,0.9314583800933607,0.9302746057510376,0.9302746057510376,0.9302746057510376,6000,,,,,,,,,,,
fedavg,fedavg,434|504,434|504,2,434,data_4000_5_2.0_chordal,train_epoch,train,,46,1.0,0.07497601124644279,,,,,,,,4000,,,,,,,,,,,
fedavg,fedavg,434|504,434|504,2,434,data_4000_5_2.0_chordal,train_epoch,train,,46,2.0,0.06974334700405597,,,,,,,,4000,,,,,,,,,,,
fedavg,fedavg,434|504,434|504,2,434,data_4000_5_2.0_chordal,train_epoch,train,,46,3.0,0.06380048197507858,,,,,,,,4000,,,,,,,,,,,
fedavg,fedavg,434|504,434|504,2,434,data_4000_5_2.0_chordal,train_epoch,train,,46,4.0,0.06754371610283852,,,,,,,,4000,,,,,,,,,,,
fedavg,fedavg,434|504,434|504,2,434,data_4000_5_2.0_chordal,train_epoch,train,,46,5.0,0.07046274787187576,,,,,,,,4000,,,,,,,,,,,
fedavg,fedavg,434|504,434|504,2,434,data_4000_5_2.0_chordal,val_epoch,val,,46,,,0.1762198748588562,0.9574,0.8230000138282776,0.9482003891050584,0.9303094744682312,0.9303094744682312,0.9303094744682312,4000,,,,,,,,,,,
fedavg,fedavg,434|504,434|504,2,434,data_4000_5_2.0_chordal,val_epoch_task,val,cycle2,46,,,,,,,,,,4000,1984.0,13.0,2001.0,2.0,0.9934902353530295,0.998992950654582,0.9962340593338013,0.9962340593338013,0.9962340593338013,1986.0,0.4964999854564667
fedavg,fedavg,434|504,434|504,2,434,data_4000_5_2.0_chordal,val_epoch_task,val,cycle3,46,,,,,,,,,,4000,1983.0,14.0,1999.0,4.0,0.9929894842263395,0.9979869149471565,0.9954819679260254,0.9954819679260254,0.9954819679260254,1987.0,0.49674999713897705
fedavg,fedavg,434|504,434|504,2,434,data_4000_5_2.0_chordal,val_epoch_task,val,cycle4,46,,,,,,,,,,4000,1707.0,40.0,2197.0,56.0,0.9771036061820263,0.9682359614293817,0.9726495742797852,0.9726495742797852,0.9726495742797852,1763.0,0.44075000286102295
fedavg,fedavg,434|504,434|504,2,434,data_4000_5_2.0_chordal,val_epoch_task,val,cycle5,46,,,,,,,,,,4000,1319.0,58.0,2417.0,206.0,0.9578794480755265,0.8649180327868853,0.9090282320976257,0.9090282320976257,0.9090282320976257,1525.0,0.3812499940395355
fedavg,fedavg,434|504,434|504,2,434,data_4000_5_2.0_chordal,val_epoch_task,val,cycle6,46,,,,,,,,,,4000,805.0,125.0,2736.0,334.0,0.8655913978494624,0.7067603160667252,0.778153657913208,0.778153657913208,0.778153657913208,1139.0,0.2847500145435333
fedavg,fedavg,434|504,434|504,2,504,data_2000_3_11_chordal,train_epoch,train,,46,1.0,0.12318602294160519,,,,,,,,2000,,,,,,,,,,,
fedavg,fedavg,434|504,434|504,2,504,data_2000_3_11_chordal,train_epoch,train,,46,2.0,0.12611728575825693,,,,,,,,2000,,,,,,,,,,,
fedavg,fedavg,434|504,434|504,2,504,data_2000_3_11_chordal,train_epoch,train,,46,3.0,0.12256257468461991,,,,,,,,2000,,,,,,,,,,,
fedavg,fedavg,434|504,434|504,2,504,data_2000_3_11_chordal,train_epoch,train,,46,4.0,0.10510362364724278,,,,,,,,2000,,,,,,,,,,,
fedavg,fedavg,434|504,434|504,2,504,data_2000_3_11_chordal,train_epoch,train,,46,5.0,0.09693053939938545,,,,,,,,2000,,,,,,,,,,,
fedavg,fedavg,434|504,434|504,2,504,data_2000_3_11_chordal,val_epoch,val,,46,,,0.13206059709191323,0.9754,0.9070000052452087,0.8551236749116609,0.8748646974563599,0.8748646974563599,0.8748646974563599,2000,,,,,,,,,,,
fedavg,fedavg,434|504,434|504,2,504,data_2000_3_11_chordal,val_epoch_task,val,cycle2,46,,,,,,,,,,2000,82.0,18.0,1900.0,0.0,0.82,1.0,0.901098906993866,0.901098906993866,0.901098906993866,82.0,0.04100000113248825
fedavg,fedavg,434|504,434|504,2,504,data_2000_3_11_chordal,val_epoch_task,val,cycle3,46,,,,,,,,,,2000,128.0,12.0,1860.0,0.0,0.9142857142857143,1.0,0.9552239179611206,0.9552239179611206,0.9552239179611206,128.0,0.06400000303983688
fedavg,fedavg,434|504,434|504,2,504,data_2000_3_11_chordal,val_epoch_task,val,cycle4,46,,,,,,,,,,2000,151.0,16.0,1827.0,6.0,0.9041916167664671,0.9617834394904459,0.9320987462997437,0.9320987462997437,0.9320987462997437,157.0,0.07850000262260437
fedavg,fedavg,434|504,434|504,2,504,data_2000_3_11_chordal,val_epoch_task,val,cycle5,46,,,,,,,,,,2000,185.0,65.0,1748.0,2.0,0.74,0.9893048128342246,0.8466819524765015,0.8466819524765015,0.8466819524765015,187.0,0.09350000321865082
fedavg,fedavg,434|504,434|504,2,504,data_2000_3_11_chordal,val_epoch_task,val,cycle6,46,,,,,,,,,,2000,180.0,124.0,1693.0,3.0,0.5921052631578947,0.9836065573770492,0.7392197251319885,0.7392197251319885,0.7392197251319885,183.0,0.09149999916553497
fedavg,fedavg,434|504,434|504,2,434,data_4000_5_2.0_chordal,global_val_client,val,,46,,,0.13336007010936737,0.95355,0.8107500076293945,0.946850506321872,0.9367486238479614,0.9367486238479614,0.9367486238479614,4000,,,,,,,,,,,
fedavg,fedavg,434|504,434|504,2,434,data_4000_5_2.0_chordal,global_val_client_task,val,cycle2,46,,,,,,,,,,4000,1986.0,18.0,1996.0,0.0,0.9910179640718563,1.0,0.995488703250885,0.995488703250885,0.995488703250885,1986.0,0.4964999854564667
fedavg,fedavg,434|504,434|504,2,434,data_4000_5_2.0_chordal,global_val_client_task,val,cycle3,46,,,,,,,,,,4000,1985.0,17.0,1996.0,2.0,0.9915084915084915,0.9989934574735783,0.995236873626709,0.995236873626709,0.995236873626709,1987.0,0.49674999713897705
fedavg,fedavg,434|504,434|504,2,434,data_4000_5_2.0_chordal,global_val_client_task,val,cycle4,46,,,,,,,,,,4000,1753.0,122.0,2115.0,10.0,0.9349333333333333,0.9943278502552467,0.9637162685394287,0.9637162685394287,0.9637162685394287,1763.0,0.44075000286102295
fedavg,fedavg,434|504,434|504,2,434,data_4000_5_2.0_chordal,global_val_client_task,val,cycle5,46,,,,,,,,,,4000,1493.0,246.0,2229.0,32.0,0.8585393904542841,0.9790163934426229,0.9148284196853638,0.9148284196853638,0.9148284196853638,1525.0,0.3812499940395355
fedavg,fedavg,434|504,434|504,2,434,data_4000_5_2.0_chordal,global_val_client_task,val,cycle6,46,,,,,,,,,,4000,1058.0,401.0,2460.0,81.0,0.7251542152159013,0.9288849868305531,0.8144727349281311,0.8144727349281311,0.8144727349281311,1139.0,0.2847500145435333
fedavg,fedavg,434|504,434|504,2,504,data_2000_3_11_chordal,global_val_client,val,,46,,,0.18491041696770116,0.9826,0.9294999837875366,0.8890306122448979,0.9012151956558228,0.9012151956558228,0.9012151956558228,2000,,,,,,,,,,,
fedavg,fedavg,434|504,434|504,2,504,data_2000_3_11_chordal,global_val_client_task,val,cycle2,46,,,,,,,,,,2000,82.0,8.0,1910.0,0.0,0.9111111111111111,1.0,0.9534883499145508,0.9534883499145508,0.9534883499145508,82.0,0.04100000113248825
fedavg,fedavg,434|504,434|504,2,504,data_2000_3_11_chordal,global_val_client_task,val,cycle3,46,,,,,,,,,,2000,128.0,13.0,1859.0,0.0,0.9078014184397163,1.0,0.9516728520393372,0.9516728520393372,0.9516728520393372,128.0,0.06400000303983688
fedavg,fedavg,434|504,434|504,2,504,data_2000_3_11_chordal,global_val_client_task,val,cycle4,46,,,,,,,,,,2000,153.0,21.0,1822.0,4.0,0.8793103448275862,0.9745222929936306,0.9244712591171265,0.9244712591171265,0.9244712591171265,157.0,0.07850000262260437
fedavg,fedavg,434|504,434|504,2,504,data_2000_3_11_chordal,global_val_client_task,val,cycle5,46,,,,,,,,,,2000,180.0,39.0,1774.0,7.0,0.821917808219178,0.9625668449197861,0.8866995573043823,0.8866995573043823,0.8866995573043823,187.0,0.09350000321865082
fedavg,fedavg,434|504,434|504,2,504,data_2000_3_11_chordal,global_val_client_task,val,cycle6,46,,,,,,,,,,2000,154.0,53.0,1764.0,29.0,0.7439613526570048,0.8415300546448088,0.7897435426712036,0.7897435426712036,0.7897435426712036,183.0,0.09149999916553497
fedavg,fedavg,434|504,434|504,2,all,all,global_val_mean,val,,46,,,0.1505435190621453,0.9632333333333333,0.8503333330154419,0.9275772082962139,0.9249041477839152,0.9249041477839152,0.9249041477839152,6000,,,,,,,,,,,
fedavg,fedavg,434|504,434|504,2,434,data_4000_5_2.0_chordal,train_epoch,train,,47,1.0,0.06890774503350258,,,,,,,,4000,,,,,,,,,,,
fedavg,fedavg,434|504,434|504,2,434,data_4000_5_2.0_chordal,train_epoch,train,,47,2.0,0.0695473204255104,,,,,,,,4000,,,,,,,,,,,
fedavg,fedavg,434|504,434|504,2,434,data_4000_5_2.0_chordal,train_epoch,train,,47,3.0,0.06658900034427642,,,,,,,,4000,,,,,,,,,,,
fedavg,fedavg,434|504,434|504,2,434,data_4000_5_2.0_chordal,train_epoch,train,,47,4.0,0.0704917955994606,,,,,,,,4000,,,,,,,,,,,
fedavg,fedavg,434|504,434|504,2,434,data_4000_5_2.0_chordal,train_epoch,train,,47,5.0,0.06714963555335998,,,,,,,,4000,,,,,,,,,,,
fedavg,fedavg,434|504,434|504,2,434,data_4000_5_2.0_chordal,val_epoch,val,,47,,,0.1261758276820183,0.9611,0.8382499814033508,0.9549246813441483,0.9450761675834656,0.9450761675834656,0.9450761675834656,4000,,,,,,,,,,,
fedavg,fedavg,434|504,434|504,2,434,data_4000_5_2.0_chordal,val_epoch_task,val,cycle2,47,,,,,,,,,,4000,1984.0,10.0,2004.0,2.0,0.9949849548645938,0.998992950654582,0.9969849586486816,0.9969849586486816,0.9969849586486816,1986.0,0.4964999854564667
fedavg,fedavg,434|504,434|504,2,434,data_4000_5_2.0_chordal,val_epoch_task,val,cycle3,47,,,,,,,,,,4000,1987.0,25.0,1988.0,0.0,0.9875745526838966,1.0,0.9937484264373779,0.9937484264373779,0.9937484264373779,1987.0,0.49674999713897705
fedavg,fedavg,434|504,434|504,2,434,data_4000_5_2.0_chordal,val_epoch_task,val,cycle4,47,,,,,,,,,,4000,1746.0,66.0,2171.0,17.0,0.9635761589403974,0.9903573454339194,0.9767832159996033,0.9767832159996033,0.9767832159996033,1763.0,0.44075000286102295
fedavg,fedavg,434|504,434|504,2,434,data_4000_5_2.0_chordal,val_epoch_task,val,cycle5,47,,,,,,,,,,4000,1486.0,205.0,2270.0,39.0,0.8787699586043761,0.9744262295081967,0.9241293668746948,0.9241293668746948,0.9241293668746948,1525.0,0.3812499940395355
fedavg,fedavg,434|504,434|504,2,434,data_4000_5_2.0_chordal,val_epoch_task,val,cycle6,47,,,,,,,,,,4000,1038.0,313.0,2548.0,101.0,0.768319763138416,0.9113257243195786,0.833734929561615,0.833734929561615,0.833734929561615,1139.0,0.2847500145435333
fedavg,fedavg,434|504,434|504,2,504,data_2000_3_11_chordal,train_epoch,train,,47,1.0,0.1077618502676487,,,,,,,,2000,,,,,,,,,,,
fedavg,fedavg,434|504,434|504,2,504,data_2000_3_11_chordal,train_epoch,train,,47,2.0,0.1294623554944992,,,,,,,,2000,,,,,,,,,,,
fedavg,fedavg,434|504,434|504,2,504,data_2000_3_11_chordal,train_epoch,train,,47,3.0,0.13331592129450293,,,,,,,,2000,,,,,,,,,,,
fedavg,fedavg,434|504,434|504,2,504,data_2000_3_11_chordal,train_epoch,train,,47,4.0,0.11251652398705482,,,,,,,,2000,,,,,,,,,,,
fedavg,fedavg,434|504,434|504,2,504,data_2000_3_11_chordal,train_epoch,train,,47,5.0,0.12390394081175328,,,,,,,,2000,,,,,,,,,,,
fedavg,fedavg,434|504,434|504,2,504,data_2000_3_11_chordal,val_epoch,val,,47,,,0.1220693590939045,0.9743,0.8995000123977661,0.849443468072642,0.8745411038398743,0.8745411038398743,0.8745411038398743,2000,,,,,,,,,,,
fedavg,fedavg,434|504,434|504,2,504,data_2000_3_11_chordal,val_epoch_task,val,cycle2,47,,,,,,,,,,2000,82.0,6.0,1912.0,0.0,0.9318181818181818,1.0,0.9647058844566345,0.9647058844566345,0.9647058844566345,82.0,0.04100000113248825
fedavg,fedavg,434|504,434|504,2,504,data_2000_3_11_chordal,val_epoch_task,val,cycle3,47,,,,,,,,,,2000,127.0,17.0,1855.0,1.0,0.8819444444444444,0.9921875,0.9338235259056091,0.9338235259056091,0.9338235259056091,128.0,0.06400000303983688
fedavg,fedavg,434|504,434|504,2,504,data_2000_3_11_chordal,val_epoch_task,val,cycle4,47,,,,,,,,,,2000,153.0,27.0,1816.0,4.0,0.85,0.9745222929936306,0.9080119132995605,0.9080119132995605,0.9080119132995605,157.0,0.07850000262260437
fedavg,fedavg,434|504,434|504,2,504,data_2000_3_11_chordal,val_epoch_task,val,cycle5,47,,,,,,,,,,2000,187.0,81.0,1732.0,0.0,0.6977611940298507,1.0,0.8219780325889587,0.8219780325889587,0.8219780325889587,187.0,0.09350000321865082
fedavg,fedavg,434|504,434|504,2,504,data_2000_3_11_chordal,val_epoch_task,val,cycle6,47,,,,,,,,,,2000,176.0,114.0,1703.0,7.0,0.6068965517241379,0.9617486338797814,0.7441861033439636,0.7441861033439636,0.7441861033439636,183.0,0.09149999916553497
fedavg,fedavg,434|504,434|504,2,434,data_4000_5_2.0_chordal,global_val_client,val,,47,,,0.16963204443454744,0.9402,0.7642499804496765,0.9332142059414786,0.9237872958183289,0.9237872958183289,0.9237872958183289,4000,,,,,,,,,,,
fedavg,fedavg,434|504,434|504,2,434,data_4000_5_2.0_chordal,global_val_client_task,val,cycle2,47,,,,,,,,,,4000,1986.0,7.0,2007.0,0.0,0.9964877069744105,1.0,0.9982407689094543,0.9982407689094543,0.9982407689094543,1986.0,0.4964999854564667
fedavg,fedavg,434|504,434|504,2,434,data_4000_5_2.0_chordal,global_val_client_task,val,cycle3,47,,,,,,,,,,4000,1987.0,18.0,1995.0,0.0,0.9910224438902743,1.0,0.9954909682273865,0.9954909682273865,0.9954909682273865,1987.0,0.49674999713897705
fedavg,fedavg,434|504,434|504,2,434,data_4000_5_2.0_chordal,global_val_client_task,val,cycle4,47,,,,,,,,,,4000,1757.0,147.0,2090.0,6.0,0.9227941176470589,0.996596710153148,0.9582765102386475,0.9582765102386475,0.9582765102386475,1763.0,0.44075000286102295
fedavg,fedavg,434|504,434|504,2,434,data_4000_5_2.0_chordal,global_val_client_task,val,cycle5,47,,,,,,,,,,4000,1516.0,438.0,2037.0,9.0,0.7758444216990789,0.9940983606557378,0.8715147376060486,0.8715147376060486,0.8715147376060486,1525.0,0.3812499940395355
fedavg,fedavg,434|504,434|504,2,434,data_4000_5_2.0_chordal,global_val_client_task,val,cycle6,47,,,,,,,,,,4000,1110.0,542.0,2319.0,29.0,0.6719128329297821,0.974539069359087,0.7954137921333313,0.7954137921333313,0.7954137921333313,1139.0,0.2847500145435333
fedavg,fedavg,434|504,434|504,2,504,data_2000_3_11_chordal,global_val_client,val,,47,,,0.1267203786112368,0.9845,0.9369999766349792,0.9026993094789705,0.9144040942192078,0.9144040942192078,0.9144040942192078,2000,,,,,,,,,,,
fedavg,fedavg,434|504,434|504,2,504,data_2000_3_11_chordal,global_val_client_task,val,cycle2,47,,,,,,,,,,2000,82.0,10.0,1908.0,0.0,0.8913043478260869,1.0,0.9425287246704102,0.9425287246704102,0.9425287246704102,82.0,0.04100000113248825
fedavg,fedavg,434|504,434|504,2,504,data_2000_3_11_chordal,global_val_client_task,val,cycle3,47,,,,,,,,,,2000,128.0,7.0,1865.0,0.0,0.9481481481481482,1.0,0.9733840227127075,0.9733840227127075,0.9733840227127075,128.0,0.06400000303983688
fedavg,fedavg,434|504,434|504,2,504,data_2000_3_11_chordal,global_val_client_task,val,cycle4,47,,,,,,,,,,2000,152.0,14.0,1829.0,5.0,0.9156626506024096,0.9681528662420382,0.9411764740943909,0.9411764740943909,0.9411764740943909,157.0,0.07850000262260437
fedavg,fedavg,434|504,434|504,2,504,data_2000_3_11_chordal,global_val_client_task,val,cycle5,47,,,,,,,,,,2000,185.0,41.0,1772.0,2.0,0.8185840707964602,0.9893048128342246,0.8958837389945984,0.8958837389945984,0.8958837389945984,187.0,0.09350000321865082
fedavg,fedavg,434|504,434|504,2,504,data_2000_3_11_chordal,global_val_client_task,val,cycle6,47,,,,,,,,,,2000,172.0,65.0,1752.0,11.0,0.7257383966244726,0.9398907103825137,0.8190476298332214,0.8190476298332214,0.8190476298332214,183.0,0.09149999916553497
fedavg,fedavg,434|504,434|504,2,all,all,global_val_mean,val,,47,,,0.15532815582677723,0.9549666666666667,0.8218333125114441,0.9230425737873093,0.9206595619519552,0.9206595619519552,0.9206595619519552,6000,,,,,,,,,,,
fedavg,fedavg,434|504,434|504,2,434,data_4000_5_2.0_chordal,train_epoch,train,,48,1.0,0.07306545820832253,,,,,,,,4000,,,,,,,,,,,
fedavg,fedavg,434|504,434|504,2,434,data_4000_5_2.0_chordal,train_epoch,train,,48,2.0,0.06932778164744377,,,,,,,,4000,,,,,,,,,,,
fedavg,fedavg,434|504,434|504,2,434,data_4000_5_2.0_chordal,train_epoch,train,,48,3.0,0.06535045655071735,,,,,,,,4000,,,,,,,,,,,
fedavg,fedavg,434|504,434|504,2,434,data_4000_5_2.0_chordal,train_epoch,train,,48,4.0,0.06948630809783936,,,,,,,,4000,,,,,,,,,,,
fedavg,fedavg,434|504,434|504,2,434,data_4000_5_2.0_chordal,train_epoch,train,,48,5.0,0.07104642333090305,,,,,,,,4000,,,,,,,,,,,
fedavg,fedavg,434|504,434|504,2,434,data_4000_5_2.0_chordal,val_epoch,val,,48,,,0.1287981898188591,0.965,0.8535000085830688,0.9584125475285171,0.9465053677558899,0.9465053677558899,0.9465053677558899,4000,,,,,,,,,,,
fedavg,fedavg,434|504,434|504,2,434,data_4000_5_2.0_chordal,val_epoch_task,val,cycle2,48,,,,,,,,,,4000,1986.0,13.0,2001.0,0.0,0.9934967483741871,1.0,0.9967377781867981,0.9967377781867981,0.9967377781867981,1986.0,0.4964999854564667
fedavg,fedavg,434|504,434|504,2,434,data_4000_5_2.0_chordal,val_epoch_task,val,cycle3,48,,,,,,,,,,4000,1983.0,15.0,1998.0,4.0,0.9924924924924925,0.9979869149471565,0.995232105255127,0.995232105255127,0.995232105255127,1987.0,0.49674999713897705
fedavg,fedavg,434|504,434|504,2,434,data_4000_5_2.0_chordal,val_epoch_task,val,cycle4,48,,,,,,,,,,4000,1739.0,56.0,2181.0,24.0,0.9688022284122563,0.9863868406125922,0.977515459060669,0.977515459060669,0.977515459060669,1763.0,0.44075000286102295
fedavg,fedavg,434|504,434|504,2,434,data_4000_5_2.0_chordal,val_epoch_task,val,cycle5,48,,,,,,,,,,4000,1417.0,90.0,2385.0,108.0,0.940278699402787,0.9291803278688524,0.9346965551376343,0.9346965551376343,0.9346965551376343,1525.0,0.3812499940395355
fedavg,fedavg,434|504,434|504,2,434,data_4000_5_2.0_chordal,val_epoch_task,val,cycle6,48,,,,,,,,,,4000,941.0,192.0,2669.0,198.0,0.8305383936451898,0.8261633011413521,0.8283450603485107,0.8283450603485107,0.8283450603485107,1139.0,0.2847500145435333
fedavg,fedavg,434|504,434|504,2,504,data_2000_3_11_chordal,train_epoch,train,,48,1.0,0.11754713959991932,,,,,,,,2000,,,,,,,,,,,
fedavg,fedavg,434|504,434|504,2,504,data_2000_3_11_chordal,train_epoch,train,,48,2.0,0.11830367579311132,,,,,,,,2000,,,,,,,,,,,
fedavg,fedavg,434|504,434|504,2,504,data_2000_3_11_chordal,train_epoch,train,,48,3.0,0.14066161316633224,,,,,,,,2000,,,,,,,,,,,
fedavg,fedavg,434|504,434|504,2,504,data_2000_3_11_chordal,train_epoch,train,,48,4.0,0.13407321006059647,,,,,,,,2000,,,,,,,,,,,
fedavg,fedavg,434|504,434|504,2,504,data_2000_3_11_chordal,train_epoch,train,,48,5.0,0.1178025601040572,,,,,,,,2000,,,,,,,,,,,
fedavg,fedavg,434|504,434|504,2,504,data_2000_3_11_chordal,val_epoch,val,,48,,,0.13390660643577576,0.9771,0.9045000076293945,0.8632835820895522,0.8837890625,0.8837890625,0.8837890625,2000,,,,,,,,,,,
fedavg,fedavg,434|504,434|504,2,504,data_2000_3_11_chordal,val_epoch_task,val,cycle2,48,,,,,,,,,,2000,82.0,7.0,1911.0,0.0,0.9213483146067416,1.0,0.9590643644332886,0.9590643644332886,0.9590643644332886,82.0,0.04100000113248825
fedavg,fedavg,434|504,434|504,2,504,data_2000_3_11_chordal,val_epoch_task,val,cycle3,48,,,,,,,,,,2000,127.0,16.0,1856.0,1.0,0.8881118881118881,0.9921875,0.937269389629364,0.937269389629364,0.937269389629364,128.0,0.06400000303983688
fedavg,fedavg,434|504,434|504,2,504,data_2000_3_11_chordal,val_epoch_task,val,cycle4,48,,,,,,,,,,2000,154.0,28.0,1815.0,3.0,0.8461538461538461,0.9808917197452229,0.9085546135902405,0.9085546135902405,0.9085546135902405,157.0,0.07850000262260437
fedavg,fedavg,434|504,434|504,2,504,data_2000_3_11_chordal,val_epoch_task,val,cycle5,48,,,,,,,,,,2000,185.0,60.0,1753.0,2.0,0.7551020408163265,0.9893048128342246,0.8564814329147339,0.8564814329147339,0.8564814329147339,187.0,0.09350000321865082
fedavg,fedavg,434|504,434|504,2,504,data_2000_3_11_chordal,val_epoch_task,val,cycle6,48,,,,,,,,,,2000,175.0,104.0,1713.0,8.0,0.6272401433691757,0.9562841530054644,0.7575757503509521,0.7575757503509521,0.7575757503509521,183.0,0.09149999916553497
fedavg,fedavg,434|504,434|504,2,434,data_4000_5_2.0_chordal,global_val_client,val,,48,,,0.13060654765367508,0.95085,0.8037499785423279,0.9440810057454918,0.9340364336967468,0.9340364336967468,0.9340364336967468,4000,,,,,,,,,,,
fedavg,fedavg,434|504,434|504,2,434,data_4000_5_2.0_chordal,global_val_client_task,val,cycle2,48,,,,,,,,,,4000,1986.0,11.0,2003.0,0.0,0.9944917376064096,1.0,0.9972382187843323,0.9972382187843323,0.9972382187843323,1986.0,0.4964999854564667
fedavg,fedavg,434|504,434|504,2,434,data_4000_5_2.0_chordal,global_val_client_task,val,cycle3,48,,,,,,,,,,4000,1987.0,13.0,2000.0,0.0,0.9935,1.0,0.996739387512207,0.996739387512207,0.996739387512207,1987.0,0.49674999713897705
fedavg,fedavg,434|504,434|504,2,434,data_4000_5_2.0_chordal,global_val_client_task,val,cycle4,48,,,,,,,,,,4000,1756.0,134.0,2103.0,7.0,0.9291005291005291,0.9960294951786727,0.9614015817642212,0.9614015817642212,0.9614015817642212,1763.0,0.44075000286102295
fedavg,fedavg,434|504,434|504,2,434,data_4000_5_2.0_chordal,global_val_client_task,val,cycle5,48,,,,,,,,,,4000,1491.0,263.0,2212.0,34.0,0.8500570125427594,0.9777049180327869,0.9094236493110657,0.9094236493110657,0.9094236493110657,1525.0,0.3812499940395355
fedavg,fedavg,434|504,434|504,2,434,data_4000_5_2.0_chordal,global_val_client_task,val,cycle6,48,,,,,,,,,,4000,1078.0,460.0,2401.0,61.0,0.7009102730819246,0.9464442493415277,0.8053791522979736,0.8053791522979736,0.8053791522979736,1139.0,0.2847500145435333
fedavg,fedavg,434|504,434|504,2,504,data_2000_3_11_chordal,global_val_client,val,,48,,,0.13612629893422126,0.984,0.9330000281333923,0.8996235884567126,0.9139910936355591,0.9139910936355591,0.9139910936355591,2000,,,,,,,,,,,
fedavg,fedavg,434|504,434|504,2,504,data_2000_3_11_chordal,global_val_client_task,val,cycle2,48,,,,,,,,,,2000,82.0,5.0,1913.0,0.0,0.9425287356321839,1.0,0.9704142212867737,0.9704142212867737,0.9704142212867737,82.0,0.04100000113248825
fedavg,fedavg,434|504,434|504,2,504,data_2000_3_11_chordal,global_val_client_task,val,cycle3,48,,,,,,,,,,2000,128.0,14.0,1858.0,0.0,0.9014084507042254,1.0,0.9481481313705444,0.9481481313705444,0.9481481313705444,128.0,0.06400000303983688
fedavg,fedavg,434|504,434|504,2,504,data_2000_3_11_chordal,global_val_client_task,val,cycle4,48,,,,,,,,,,2000,156.0,11.0,1832.0,1.0,0.9341317365269461,0.9936305732484076,0.9629630446434021,0.9629630446434021,0.9629630446434021,157.0,0.07850000262260437
fedavg,fedavg,434|504,434|504,2,504,data_2000_3_11_chordal,global_val_client_task,val,cycle5,48,,,,,,,,,,2000,185.0,51.0,1762.0,2.0,0.7838983050847458,0.9893048128342246,0.8747044801712036,0.8747044801712036,0.8747044801712036,187.0,0.09350000321865082
fedavg,fedavg,434|504,434|504,2,504,data_2000_3_11_chordal,global_val_client_task,val,cycle6,48,,,,,,,,,,2000,166.0,59.0,1758.0,17.0,0.7377777777777778,0.907103825136612,0.8137255311012268,0.8137255311012268,0.8137255311012268,183.0,0.09149999916553497
fedavg,fedavg,434|504,434|504,2,all,all,global_val_mean,val,,48,,,0.13244646474719046,0.9619,0.846833328406016,0.929261866649232,0.927354653676351,0.927354653676351,0.927354653676351,6000,,,,,,,,,,,
fedavg,fedavg,434|504,434|504,2,434,data_4000_5_2.0_chordal,train_epoch,train,,49,1.0,0.06954295295476913,,,,,,,,4000,,,,,,,,,,,
fedavg,fedavg,434|504,434|504,2,434,data_4000_5_2.0_chordal,train_epoch,train,,49,2.0,0.07187815982103347,,,,,,,,4000,,,,,,,,,,,
fedavg,fedavg,434|504,434|504,2,434,data_4000_5_2.0_chordal,train_epoch,train,,49,3.0,0.06650999374687672,,,,,,,,4000,,,,,,,,,,,
fedavg,fedavg,434|504,434|504,2,434,data_4000_5_2.0_chordal,train_epoch,train,,49,4.0,0.06317027118802071,,,,,,,,4000,,,,,,,,,,,
fedavg,fedavg,434|504,434|504,2,434,data_4000_5_2.0_chordal,train_epoch,train,,49,5.0,0.06731487502157688,,,,,,,,4000,,,,,,,,,,,
fedavg,fedavg,434|504,434|504,2,434,data_4000_5_2.0_chordal,val_epoch,val,,49,,,0.11782481580972672,0.96715,0.8615000247955322,0.96125493896326,0.9510120153427124,0.9510120153427124,0.9510120153427124,4000,,,,,,,,,,,
fedavg,fedavg,434|504,434|504,2,434,data_4000_5_2.0_chordal,val_epoch_task,val,cycle2,49,,,,,,,,,,4000,1985.0,10.0,2004.0,1.0,0.9949874686716792,0.999496475327291,0.9972368478775024,0.9972368478775024,0.9972368478775024,1986.0,0.4964999854564667
fedavg,fedavg,434|504,434|504,2,434,data_4000_5_2.0_chordal,val_epoch_task,val,cycle3,49,,,,,,,,,,4000,1985.0,14.0,1999.0,2.0,0.9929964982491246,0.9989934574735783,0.9959859251976013,0.9959859251976013,0.9959859251976013,1987.0,0.49674999713897705
fedavg,fedavg,434|504,434|504,2,434,data_4000_5_2.0_chordal,val_epoch_task,val,cycle4,49,,,,,,,,,,4000,1734.0,35.0,2202.0,29.0,0.9802148106274732,0.9835507657402155,0.9818799495697021,0.9818799495697021,0.9818799495697021,1763.0,0.44075000286102295
fedavg,fedavg,434|504,434|504,2,434,data_4000_5_2.0_chordal,val_epoch_task,val,cycle5,49,,,,,,,,,,4000,1465.0,156.0,2319.0,60.0,0.9037631091918569,0.9606557377049181,0.9313414096832275,0.9313414096832275,0.9313414096832275,1525.0,0.3812499940395355
fedavg,fedavg,434|504,434|504,2,434,data_4000_5_2.0_chordal,val_epoch_task,val,cycle6,49,,,,,,,,,,4000,981.0,192.0,2669.0,158.0,0.8363171355498721,0.8612818261633012,0.8486158847808838,0.8486158847808838,0.8486158847808838,1139.0,0.2847500145435333
fedavg,fedavg,434|504,434|504,2,504,data_2000_3_11_chordal,train_epoch,train,,49,1.0,0.1174997176527977,,,,,,,,2000,,,,,,,,,,,
fedavg,fedavg,434|504,434|504,2,504,data_2000_3_11_chordal,train_epoch,train,,49,2.0,0.11113342581689357,,,,,,,,2000,,,,,,,,,,,
fedavg,fedavg,434|504,434|504,2,504,data_2000_3_11_chordal,train_epoch,train,,49,3.0,0.1414244647026062,,,,,,,,2000,,,,,,,,,,,
fedavg,fedavg,434|504,434|504,2,504,data_2000_3_11_chordal,train_epoch,train,,49,4.0,0.15809980309009553,,,,,,,,2000,,,,,,,,,,,
fedavg,fedavg,434|504,434|504,2,504,data_2000_3_11_chordal,train_epoch,train,,49,5.0,0.12146483588218689,,,,,,,,2000,,,,,,,,,,,
fedavg,fedavg,434|504,434|504,2,504,data_2000_3_11_chordal,val_epoch,val,,49,,,0.17271215064823628,0.9755,0.902999997138977,0.8532055122828041,0.8755127191543579,0.8755127191543579,0.8755127191543579,2000,,,,,,,,,,,
fedavg,fedavg,434|504,434|504,2,504,data_2000_3_11_chordal,val_epoch_task,val,cycle2,49,,,,,,,,,,2000,82.0,8.0,1910.0,0.0,0.9111111111111111,1.0,0.9534883499145508,0.9534883499145508,0.9534883499145508,82.0,0.04100000113248825
fedavg,fedavg,434|504,434|504,2,504,data_2000_3_11_chordal,val_epoch_task,val,cycle3,49,,,,,,,,,,2000,128.0,25.0,1847.0,0.0,0.8366013071895425,1.0,0.9110320806503296,0.9110320806503296,0.9110320806503296,128.0,0.06400000303983688
fedavg,fedavg,434|504,434|504,2,504,data_2000_3_11_chordal,val_epoch_task,val,cycle4,49,,,,,,,,,,2000,154.0,16.0,1827.0,3.0,0.9058823529411765,0.9808917197452229,0.9418960213661194,0.9418960213661194,0.9418960213661194,157.0,0.07850000262260437
fedavg,fedavg,434|504,434|504,2,504,data_2000_3_11_chordal,val_epoch_task,val,cycle5,49,,,,,,,,,,2000,176.0,58.0,1755.0,11.0,0.7521367521367521,0.9411764705882353,0.8361045122146606,0.8361045122146606,0.8361045122146606,187.0,0.09350000321865082
fedavg,fedavg,434|504,434|504,2,504,data_2000_3_11_chordal,val_epoch_task,val,cycle6,49,,,,,,,,,,2000,172.0,113.0,1704.0,11.0,0.6035087719298246,0.9398907103825137,0.7350426912307739,0.7350426912307739,0.7350426912307739,183.0,0.09149999916553497
fedavg,fedavg,434|504,434|504,2,434,data_4000_5_2.0_chordal,global_val_client,val,,49,,,0.12626634365320205,0.95515,0.8187500238418579,0.948757497857755,0.9392627477645874,0.9392627477645874,0.9392627477645874,4000,,,,,,,,,,,
fedavg,fedavg,434|504,434|504,2,434,data_4000_5_2.0_chordal,global_val_client_task,val,cycle2,49,,,,,,,,,,4000,1985.0,12.0,2002.0,1.0,0.9939909864797196,0.999496475327291,0.9967361688613892,0.9967361688613892,0.9967361688613892,1986.0,0.4964999854564667
fedavg,fedavg,434|504,434|504,2,434,data_4000_5_2.0_chordal,global_val_client_task,val,cycle3,49,,,,,,,,,,4000,1987.0,23.0,1990.0,0.0,0.9885572139303482,1.0,0.994245707988739,0.994245707988739,0.994245707988739,1987.0,0.49674999713897705
fedavg,fedavg,434|504,434|504,2,434,data_4000_5_2.0_chordal,global_val_client_task,val,cycle4,49,,,,,,,,,,4000,1754.0,82.0,2155.0,9.0,0.9553376906318083,0.994895065229722,0.9747151732444763,0.9747151732444763,0.9747151732444763,1763.0,0.44075000286102295
fedavg,fedavg,434|504,434|504,2,434,data_4000_5_2.0_chordal,global_val_client_task,val,cycle5,49,,,,,,,,,,4000,1497.0,279.0,2196.0,28.0,0.8429054054054054,0.981639344262295,0.9069979190826416,0.9069979190826416,0.9069979190826416,1525.0,0.3812499940395355
fedavg,fedavg,434|504,434|504,2,434,data_4000_5_2.0_chordal,global_val_client_task,val,cycle6,49,,,,,,,,,,4000,1081.0,405.0,2456.0,58.0,0.7274562584118439,0.9490781387181738,0.82361900806427,0.82361900806427,0.82361900806427,1139.0,0.2847500145435333
fedavg,fedavg,434|504,434|504,2,504,data_2000_3_11_chordal,global_val_client,val,,49,,,0.15119176920875907,0.9831,0.9279999732971191,0.8948350964530181,0.9100403785705566,0.9100403785705566,0.9100403785705566,2000,,,,,,,,,,,
fedavg,fedavg,434|504,434|504,2,504,data_2000_3_11_chordal,global_val_client_task,val,cycle2,49,,,,,,,,,,2000,82.0,8.0,1910.0,0.0,0.9111111111111111,1.0,0.9534883499145508,0.9534883499145508,0.9534883499145508,82.0,0.04100000113248825
fedavg,fedavg,434|504,434|504,2,504,data_2000_3_11_chordal,global_val_client_task,val,cycle3,49,,,,,,,,,,2000,128.0,8.0,1864.0,0.0,0.9411764705882353,1.0,0.9696969985961914,0.9696969985961914,0.9696969985961914,128.0,0.06400000303983688
fedavg,fedavg,434|504,434|504,2,504,data_2000_3_11_chordal,global_val_client_task,val,cycle4,49,,,,,,,,,,2000,152.0,12.0,1831.0,5.0,0.926829268292683,0.9681528662420382,0.9470405578613281,0.9470405578613281,0.9470405578613281,157.0,0.07850000262260437
fedavg,fedavg,434|504,434|504,2,504,data_2000_3_11_chordal,global_val_client_task,val,cycle5,49,,,,,,,,,,2000,180.0,59.0,1754.0,7.0,0.7531380753138075,0.9625668449197861,0.8450704216957092,0.8450704216957092,0.8450704216957092,187.0,0.09350000321865082
fedavg,fedavg,434|504,434|504,2,504,data_2000_3_11_chordal,global_val_client_task,val,cycle6,49,,,,,,,,,,2000,177.0,64.0,1753.0,6.0,0.7344398340248963,0.9672131147540983,0.8349056243896484,0.8349056243896484,0.8349056243896484,183.0,0.09149999916553497
fedavg,fedavg,434|504,434|504,2,all,all,global_val_mean,val,,49,,,0.13457481883838773,0.9644666666666667,0.8551666736602783,0.930783364056176,0.9295219580332438,0.9295219580332438,0.9295219580332438,6000,,,,,,,,,,,
fedavg,fedavg,434|504,434|504,2,434,data_4000_5_2.0_chordal,train_epoch,train,,50,1.0,0.07127078177034855,,,,,,,,4000,,,,,,,,,,,
fedavg,fedavg,434|504,434|504,2,434,data_4000_5_2.0_chordal,train_epoch,train,,50,2.0,0.06186605628579855,,,,,,,,4000,,,,,,,,,,,
fedavg,fedavg,434|504,434|504,2,434,data_4000_5_2.0_chordal,train_epoch,train,,50,3.0,0.06573796033859253,,,,,,,,4000,,,,,,,,,,,
fedavg,fedavg,434|504,434|504,2,434,data_4000_5_2.0_chordal,train_epoch,train,,50,4.0,0.06379889446496964,,,,,,,,4000,,,,,,,,,,,
fedavg,fedavg,434|504,434|504,2,434,data_4000_5_2.0_chordal,train_epoch,train,,50,5.0,0.06568685337901116,,,,,,,,4000,,,,,,,,,,,
fedavg,fedavg,434|504,434|504,2,434,data_4000_5_2.0_chordal,val_epoch,val,,50,,,0.13015043395757675,0.96265,0.8432499766349792,0.9557647894830343,0.9437923431396484,0.9437923431396484,0.9437923431396484,4000,,,,,,,,,,,
fedavg,fedavg,434|504,434|504,2,434,data_4000_5_2.0_chordal,val_epoch_task,val,cycle2,50,,,,,,,,,,4000,1986.0,8.0,2006.0,0.0,0.995987963891675,1.0,0.9979899525642395,0.9979899525642395,0.9979899525642395,1986.0,0.4964999854564667
fedavg,fedavg,434|504,434|504,2,434,data_4000_5_2.0_chordal,val_epoch_task,val,cycle3,50,,,,,,,,,,4000,1987.0,31.0,1982.0,0.0,0.9846382556987116,1.0,0.9922597408294678,0.9922597408294678,0.9922597408294678,1987.0,0.49674999713897705
fedavg,fedavg,434|504,434|504,2,434,data_4000_5_2.0_chordal,val_epoch_task,val,cycle4,50,,,,,,,,,,4000,1742.0,50.0,2187.0,21.0,0.9720982142857143,0.9880884855360181,0.9800281524658203,0.9800281524658203,0.9800281524658203,1763.0,0.44075000286102295
fedavg,fedavg,434|504,434|504,2,434,data_4000_5_2.0_chordal,val_epoch_task,val,cycle5,50,,,,,,,,,,4000,1393.0,88.0,2387.0,132.0,0.9405806887238353,0.9134426229508197,0.926813006401062,0.926813006401062,0.926813006401062,1525.0,0.3812499940395355
fedavg,fedavg,434|504,434|504,2,434,data_4000_5_2.0_chordal,val_epoch_task,val,cycle6,50,,,,,,,,,,4000,962.0,240.0,2621.0,177.0,0.800332778702163,0.8446005267778753,0.8218710422515869,0.8218710422515869,0.8218710422515869,1139.0,0.2847500145435333
fedavg,fedavg,434|504,434|504,2,504,data_2000_3_11_chordal,train_epoch,train,,50,1.0,0.12337531179189681,,,,,,,,2000,,,,,,,,,,,
fedavg,fedavg,434|504,434|504,2,504,data_2000_3_11_chordal,train_epoch,train,,50,2.0,0.11504200232028962,,,,,,,,2000,,,,,,,,,,,
fedavg,fedavg,434|504,434|504,2,504,data_2000_3_11_chordal,train_epoch,train,,50,3.0,0.09727257714094593,,,,,,,,2000,,,,,,,,,,,
fedavg,fedavg,434|504,434|504,2,504,data_2000_3_11_chordal,train_epoch,train,,50,4.0,0.12275150254368782,,,,,,,,2000,,,,,,,,,,,
fedavg,fedavg,434|504,434|504,2,504,data_2000_3_11_chordal,train_epoch,train,,50,5.0,0.1442320846710354,,,,,,,,2000,,,,,,,,,,,
fedavg,fedavg,434|504,434|504,2,504,data_2000_3_11_chordal,val_epoch,val,,50,,,0.15589888471364974,0.9755,0.9079999923706055,0.8549437537004144,0.8753373026847839,0.8753373026847839,0.8753373026847839,2000,,,,,,,,,,,
fedavg,fedavg,434|504,434|504,2,504,data_2000_3_11_chordal,val_epoch_task,val,cycle2,50,,,,,,,,,,2000,82.0,7.0,1911.0,0.0,0.9213483146067416,1.0,0.9590643644332886,0.9590643644332886,0.9590643644332886,82.0,0.04100000113248825
fedavg,fedavg,434|504,434|504,2,504,data_2000_3_11_chordal,val_epoch_task,val,cycle3,50,,,,,,,,,,2000,128.0,10.0,1862.0,0.0,0.927536231884058,1.0,0.9624060392379761,0.9624060392379761,0.9624060392379761,128.0,0.06400000303983688
fedavg,fedavg,434|504,434|504,2,504,data_2000_3_11_chordal,val_epoch_task,val,cycle4,50,,,,,,,,,,2000,156.0,72.0,1771.0,1.0,0.6842105263157895,0.9936305732484076,0.8103896379470825,0.8103896379470825,0.8103896379470825,157.0,0.07850000262260437
fedavg,fedavg,434|504,434|504,2,504,data_2000_3_11_chordal,val_epoch_task,val,cycle5,50,,,,,,,,,,2000,183.0,52.0,1761.0,4.0,0.7787234042553192,0.9786096256684492,0.8672986030578613,0.8672986030578613,0.8672986030578613,187.0,0.09350000321865082
fedavg,fedavg,434|504,434|504,2,504,data_2000_3_11_chordal,val_epoch_task,val,cycle6,50,,,,,,,,,,2000,173.0,89.0,1728.0,10.0,0.6603053435114504,0.9453551912568307,0.7775281071662903,0.7775281071662903,0.7775281071662903,183.0,0.09149999916553497
fedavg,fedavg,434|504,434|504,2,434,data_4000_5_2.0_chordal,global_val_client,val,,50,,,0.1401445261836052,0.9493,0.7990000247955322,0.942412539754657,0.9323110580444336,0.9323110580444336,0.9323110580444336,4000,,,,,,,,,,,
fedavg,fedavg,434|504,434|504,2,434,data_4000_5_2.0_chordal,global_val_client_task,val,cycle2,50,,,,,,,,,,4000,1986.0,12.0,2002.0,0.0,0.993993993993994,1.0,0.9969879388809204,0.9969879388809204,0.9969879388809204,1986.0,0.4964999854564667
fedavg,fedavg,434|504,434|504,2,434,data_4000_5_2.0_chordal,global_val_client_task,val,cycle3,50,,,,,,,,,,4000,1987.0,17.0,1996.0,0.0,0.9915169660678643,1.0,0.9957404136657715,0.9957404136657715,0.9957404136657715,1987.0,0.49674999713897705
fedavg,fedavg,434|504,434|504,2,434,data_4000_5_2.0_chordal,global_val_client_task,val,cycle4,50,,,,,,,,,,4000,1756.0,176.0,2061.0,7.0,0.9089026915113871,0.9960294951786727,0.9504735469818115,0.9504735469818115,0.9504735469818115,1763.0,0.44075000286102295
fedavg,fedavg,434|504,434|504,2,434,data_4000_5_2.0_chordal,global_val_client_task,val,cycle5,50,,,,,,,,,,4000,1501.0,264.0,2211.0,24.0,0.8504249291784702,0.9842622950819672,0.9124619960784912,0.9124619960784912,0.9124619960784912,1525.0,0.3812499940395355
fedavg,fedavg,434|504,434|504,2,434,data_4000_5_2.0_chordal,global_val_client_task,val,cycle6,50,,,,,,,,,,4000,1067.0,442.0,2419.0,72.0,0.707090788601723,0.9367866549604916,0.805891215801239,0.805891215801239,0.805891215801239,1139.0,0.2847500145435333
fedavg,fedavg,434|504,434|504,2,504,data_2000_3_11_chordal,global_val_client,val,,50,,,0.13330268516391516,0.9818,0.9244999885559082,0.88681592039801,0.9010357856750488,0.9010357856750488,0.9010357856750488,2000,,,,,,,,,,,
fedavg,fedavg,434|504,434|504,2,504,data_2000_3_11_chordal,global_val_client_task,val,cycle2,50,,,,,,,,,,2000,82.0,6.0,1912.0,0.0,0.9318181818181818,1.0,0.9647058844566345,0.9647058844566345,0.9647058844566345,82.0,0.04100000113248825
fedavg,fedavg,434|504,434|504,2,504,data_2000_3_11_chordal,global_val_client_task,val,cycle3,50,,,,,,,,,,2000,128.0,13.0,1859.0,0.0,0.9078014184397163,1.0,0.9516728520393372,0.9516728520393372,0.9516728520393372,128.0,0.06400000303983688
fedavg,fedavg,434|504,434|504,2,504,data_2000_3_11_chordal,global_val_client_task,val,cycle4,50,,,,,,,,,,2000,154.0,32.0,1811.0,3.0,0.8279569892473119,0.9808917197452229,0.8979591727256775,0.8979591727256775,0.8979591727256775,157.0,0.07850000262260437
fedavg,fedavg,434|504,434|504,2,504,data_2000_3_11_chordal,global_val_client_task,val,cycle5,50,,,,,,,,,,2000,181.0,41.0,1772.0,6.0,0.8153153153153153,0.9679144385026738,0.8850855827331543,0.8850855827331543,0.8850855827331543,187.0,0.09350000321865082
fedavg,fedavg,434|504,434|504,2,504,data_2000_3_11_chordal,global_val_client_task,val,cycle6,50,,,,,,,,,,2000,168.0,66.0,1751.0,15.0,0.717948717948718,0.9180327868852459,0.8057553768157959,0.8057553768157959,0.8057553768157959,183.0,0.09149999916553497
fedavg,fedavg,434|504,434|504,2,all,all,global_val_mean,val,,50,,,0.1378639125103752,0.9601333333333334,0.8408333460489908,0.9238803333024413,0.9218859672546387,0.9218859672546387,0.9218859672546387,6000,,,,,,,,,,,
fedavg,fedavg,434|504,434|504,2,434,data_4000_5_2.0_chordal,train_epoch,train,,51,1.0,0.06447414246201515,,,,,,,,4000,,,,,,,,,,,
fedavg,fedavg,434|504,434|504,2,434,data_4000_5_2.0_chordal,train_epoch,train,,51,2.0,0.0583525586053729,,,,,,,,4000,,,,,,,,,,,
fedavg,fedavg,434|504,434|504,2,434,data_4000_5_2.0_chordal,train_epoch,train,,51,3.0,0.06428333335369825,,,,,,,,4000,,,,,,,,,,,
fedavg,fedavg,434|504,434|504,2,434,data_4000_5_2.0_chordal,train_epoch,train,,51,4.0,0.06052488900721073,,,,,,,,4000,,,,,,,,,,,
fedavg,fedavg,434|504,434|504,2,434,data_4000_5_2.0_chordal,train_epoch,train,,51,5.0,0.06797029247879982,,,,,,,,4000,,,,,,,,,,,
fedavg,fedavg,434|504,434|504,2,434,data_4000_5_2.0_chordal,val_epoch,val,,51,,,0.12840857750177384,0.9636,0.8489999771118164,0.9570957095709571,0.9462849497795105,0.9462849497795105,0.9462849497795105,4000,,,,,,,,,,,
fedavg,fedavg,434|504,434|504,2,434,data_4000_5_2.0_chordal,val_epoch_task,val,cycle2,51,,,,,,,,,,4000,1985.0,12.0,2002.0,1.0,0.9939909864797196,0.999496475327291,0.9967361688613892,0.9967361688613892,0.9967361688613892,1986.0,0.4964999854564667
fedavg,fedavg,434|504,434|504,2,434,data_4000_5_2.0_chordal,val_epoch_task,val,cycle3,51,,,,,,,,,,4000,1987.0,29.0,1984.0,0.0,0.9856150793650794,1.0,0.9927554726600647,0.9927554726600647,0.9927554726600647,1987.0,0.49674999713897705
fedavg,fedavg,434|504,434|504,2,434,data_4000_5_2.0_chordal,val_epoch_task,val,cycle4,51,,,,,,,,,,4000,1731.0,39.0,2198.0,32.0,0.9779661016949153,0.9818491208167895,0.9799038171768188,0.9799038171768188,0.9799038171768188,1763.0,0.44075000286102295
fedavg,fedavg,434|504,434|504,2,434,data_4000_5_2.0_chordal,val_epoch_task,val,cycle5,51,,,,,,,,,,4000,1429.0,126.0,2349.0,96.0,0.9189710610932476,0.9370491803278689,0.9279221296310425,0.9279221296310425,0.9279221296310425,1525.0,0.3812499940395355
fedavg,fedavg,434|504,434|504,2,434,data_4000_5_2.0_chordal,val_epoch_task,val,cycle6,51,,,,,,,,,,4000,988.0,242.0,2619.0,151.0,0.8032520325203252,0.8674275680421423,0.8341072797775269,0.8341072797775269,0.8341072797775269,1139.0,0.2847500145435333
fedavg,fedavg,434|504,434|504,2,504,data_2000_3_11_chordal,train_epoch,train,,51,1.0,0.10388742035627366,,,,,,,,2000,,,,,,,,,,,
fedavg,fedavg,434|504,434|504,2,504,data_2000_3_11_chordal,train_epoch,train,,51,2.0,0.13311588856577874,,,,,,,,2000,,,,,,,,,,,
fedavg,fedavg,434|504,434|504,2,504,data_2000_3_11_chordal,train_epoch,train,,51,3.0,0.09231518217921257,,,,,,,,2000,,,,,,,,,,,
fedavg,fedavg,434|504,434|504,2,504,data_2000_3_11_chordal,train_epoch,train,,51,4.0,0.10751404703781009,,,,,,,,2000,,,,,,,,,,,
fedavg,fedavg,434|504,434|504,2,504,data_2000_3_11_chordal,train_epoch,train,,51,5.0,0.09196545342169703,,,,,,,,2000,,,,,,,,,,,
fedavg,fedavg,434|504,434|504,2,504,data_2000_3_11_chordal,val_epoch,val,,51,,,0.12926121932268142,0.9782,0.906000018119812,0.8691476590636256,0.8977087736129761,0.8977087736129761,0.8977087736129761,2000,,,,,,,,,,,
fedavg,fedavg,434|504,434|504,2,504,data_2000_3_11_chordal,val_epoch_task,val,cycle2,51,,,,,,,,,,2000,82.0,0.0,1918.0,0.0,1.0,1.0,1.0,1.0,1.0,82.0,0.04100000113248825
fedavg,fedavg,434|504,434|504,2,504,data_2000_3_11_chordal,val_epoch_task,val,cycle3,51,,,,,,,,,,2000,128.0,16.0,1856.0,0.0,0.8888888888888888,1.0,0.9411765336990356,0.9411765336990356,0.9411765336990356,128.0,0.06400000303983688
fedavg,fedavg,434|504,434|504,2,504,data_2000_3_11_chordal,val_epoch_task,val,cycle4,51,,,,,,,,,,2000,157.0,13.0,1830.0,0.0,0.9235294117647059,1.0,0.9602446556091309,0.9602446556091309,0.9602446556091309,157.0,0.07850000262260437
fedavg,fedavg,434|504,434|504,2,504,data_2000_3_11_chordal,val_epoch_task,val,cycle5,51,,,,,,,,,,2000,179.0,59.0,1754.0,8.0,0.7521008403361344,0.9572192513368984,0.8423529267311096,0.8423529267311096,0.8423529267311096,187.0,0.09350000321865082
fedavg,fedavg,434|504,434|504,2,504,data_2000_3_11_chordal,val_epoch_task,val,cycle6,51,,,,,,,,,,2000,178.0,117.0,1700.0,5.0,0.6033898305084746,0.9726775956284153,0.7447699308395386,0.7447699308395386,0.7447699308395386,183.0,0.09149999916553497
fedavg,fedavg,434|504,434|504,2,434,data_4000_5_2.0_chordal,global_val_client,val,,51,,,0.1295080450773239,0.9543,0.8162500262260437,0.9477415666094912,0.937735915184021,0.937735915184021,0.937735915184021,4000,,,,,,,,,,,
fedavg,fedavg,434|504,434|504,2,434,data_4000_5_2.0_chordal,global_val_client_task,val,cycle2,51,,,,,,,,,,4000,1986.0,12.0,2002.0,0.0,0.993993993993994,1.0,0.9969879388809204,0.9969879388809204,0.9969879388809204,1986.0,0.4964999854564667
fedavg,fedavg,434|504,434|504,2,434,data_4000_5_2.0_chordal,global_val_client_task,val,cycle3,51,,,,,,,,,,4000,1987.0,26.0,1987.0,0.0,0.9870839542970691,1.0,0.9935000538825989,0.9935000538825989,0.9935000538825989,1987.0,0.49674999713897705
fedavg,fedavg,434|504,434|504,2,434,data_4000_5_2.0_chordal,global_val_client_task,val,cycle4,51,,,,,,,,,,4000,1755.0,93.0,2144.0,8.0,0.9496753246753247,0.9954622802041974,0.9720299243927002,0.9720299243927002,0.9720299243927002,1763.0,0.44075000286102295
fedavg,fedavg,434|504,434|504,2,434,data_4000_5_2.0_chordal,global_val_client_task,val,cycle5,51,,,,,,,,,,4000,1489.0,237.0,2238.0,36.0,0.8626882966396292,0.9763934426229508,0.9160258769989014,0.9160258769989014,0.9160258769989014,1525.0,0.3812499940395355
fedavg,fedavg,434|504,434|504,2,434,data_4000_5_2.0_chordal,global_val_client_task,val,cycle6,51,,,,,,,,,,4000,1071.0,434.0,2427.0,68.0,0.7116279069767442,0.9402985074626866,0.8101361989974976,0.8101361989974976,0.8101361989974976,1139.0,0.2847500145435333
fedavg,fedavg,434|504,434|504,2,504,data_2000_3_11_chordal,global_val_client,val,,51,,,0.15740434364415706,0.9845,0.9355000257492065,0.9025769956002514,0.9156339764595032,0.9156339764595032,0.9156339764595032,2000,,,,,,,,,,,
fedavg,fedavg,434|504,434|504,2,504,data_2000_3_11_chordal,global_val_client_task,val,cycle2,51,,,,,,,,,,2000,82.0,7.0,1911.0,0.0,0.9213483146067416,1.0,0.9590643644332886,0.9590643644332886,0.9590643644332886,82.0,0.04100000113248825
fedavg,fedavg,434|504,434|504,2,504,data_2000_3_11_chordal,global_val_client_task,val,cycle3,51,,,,,,,,,,2000,127.0,9.0,1863.0,1.0,0.9338235294117647,0.9921875,0.9621211886405945,0.9621211886405945,0.9621211886405945,128.0,0.06400000303983688
fedavg,fedavg,434|504,434|504,2,504,data_2000_3_11_chordal,global_val_client_task,val,cycle4,51,,,,,,,,,,2000,152.0,12.0,1831.0,5.0,0.926829268292683,0.9681528662420382,0.9470405578613281,0.9470405578613281,0.9470405578613281,157.0,0.07850000262260437
fedavg,fedavg,434|504,434|504,2,504,data_2000_3_11_chordal,global_val_client_task,val,cycle5,51,,,,,,,,,,2000,186.0,46.0,1767.0,1.0,0.8017241379310345,0.9946524064171123,0.8878281712532043,0.8878281712532043,0.8878281712532043,187.0,0.09350000321865082
fedavg,fedavg,434|504,434|504,2,504,data_2000_3_11_chordal,global_val_client_task,val,cycle6,51,,,,,,,,,,2000,171.0,62.0,1755.0,12.0,0.7339055793991416,0.9344262295081968,0.8221153020858765,0.8221153020858765,0.8221153020858765,183.0,0.09149999916553497
fedavg,fedavg,434|504,434|504,2,all,all,global_val_mean,val,,51,,,0.1388068112662683,0.9643666666666668,0.856000026067098,0.9326867096064113,0.9303686022758484,0.9303686022758484,0.9303686022758484,6000,,,,,,,,,,,
fedavg,fedavg,434|504,434|504,2,434,data_4000_5_2.0_chordal,train_epoch,train,,52,1.0,0.07692769970744848,,,,,,,,4000,,,,,,,,,,,
fedavg,fedavg,434|504,434|504,2,434,data_4000_5_2.0_chordal,train_epoch,train,,52,2.0,0.056121868640184404,,,,,,,,4000,,,,,,,,,,,
fedavg,fedavg,434|504,434|504,2,434,data_4000_5_2.0_chordal,train_epoch,train,,52,3.0,0.06584003046154976,,,,,,,,4000,,,,,,,,,,,
fedavg,fedavg,434|504,434|504,2,434,data_4000_5_2.0_chordal,train_epoch,train,,52,4.0,0.06463847613334656,,,,,,,,4000,,,,,,,,,,,
fedavg,fedavg,434|504,434|504,2,434,data_4000_5_2.0_chordal,train_epoch,train,,52,5.0,0.06051238718628883,,,,,,,,4000,,,,,,,,,,,
fedavg,fedavg,434|504,434|504,2,434,data_4000_5_2.0_chordal,val_epoch,val,,52,,,0.13217260164022446,0.9626,0.8424999713897705,0.9563593932322053,0.9454992413520813,0.9454992413520813,0.9454992413520813,4000,,,,,,,,,,,
fedavg,fedavg,434|504,434|504,2,434,data_4000_5_2.0_chordal,val_epoch_task,val,cycle2,52,,,,,,,,,,4000,1986.0,6.0,2008.0,0.0,0.9969879518072289,1.0,0.9984917044639587,0.9984917044639587,0.9984917044639587,1986.0,0.4964999854564667
fedavg,fedavg,434|504,434|504,2,434,data_4000_5_2.0_chordal,val_epoch_task,val,cycle3,52,,,,,,,,,,4000,1985.0,18.0,1995.0,2.0,0.9910134797803295,0.9989934574735783,0.9949874877929688,0.9949874877929688,0.9949874877929688,1987.0,0.49674999713897705
fedavg,fedavg,434|504,434|504,2,434,data_4000_5_2.0_chordal,val_epoch_task,val,cycle4,52,,,,,,,,,,4000,1751.0,69.0,2168.0,12.0,0.9620879120879121,0.9931934203062961,0.9773932695388794,0.9773932695388794,0.9773932695388794,1763.0,0.44075000286102295
fedavg,fedavg,434|504,434|504,2,434,data_4000_5_2.0_chordal,val_epoch_task,val,cycle5,52,,,,,,,,,,4000,1491.0,214.0,2261.0,34.0,0.8744868035190616,0.9777049180327869,0.9232198596000671,0.9232198596000671,0.9232198596000671,1525.0,0.3812499940395355
fedavg,fedavg,434|504,434|504,2,434,data_4000_5_2.0_chordal,val_epoch_task,val,cycle6,52,,,,,,,,,,4000,983.0,237.0,2624.0,156.0,0.8057377049180328,0.8630377524143986,0.833404004573822,0.833404004573822,0.833404004573822,1139.0,0.2847500145435333
fedavg,fedavg,434|504,434|504,2,504,data_2000_3_11_chordal,train_epoch,train,,52,1.0,0.13529167592525482,,,,,,,,2000,,,,,,,,,,,
fedavg,fedavg,434|504,434|504,2,504,data_2000_3_11_chordal,train_epoch,train,,52,2.0,0.11426428557932376,,,,,,,,2000,,,,,,,,,,,
fedavg,fedavg,434|504,434|504,2,504,data_2000_3_11_chordal,train_epoch,train,,52,3.0,0.12122410271316766,,,,,,,,2000,,,,,,,,,,,
fedavg,fedavg,434|504,434|504,2,504,data_2000_3_11_chordal,train_epoch,train,,52,4.0,0.13827853007614613,,,,,,,,2000,,,,,,,,,,,
fedavg,fedavg,434|504,434|504,2,504,data_2000_3_11_chordal,train_epoch,train,,52,5.0,0.1269309152364731,,,,,,,,2000,,,,,,,,,,,
fedavg,fedavg,434|504,434|504,2,504,data_2000_3_11_chordal,val_epoch,val,,52,,,0.12142278930544853,0.9753,0.9039999842643738,0.8551319648093841,0.8735116720199585,0.8735116720199585,0.8735116720199585,2000,,,,,,,,,,,
fedavg,fedavg,434|504,434|504,2,504,data_2000_3_11_chordal,val_epoch_task,val,cycle2,52,,,,,,,,,,2000,82.0,13.0,1905.0,0.0,0.8631578947368421,1.0,0.9265536665916443,0.9265536665916443,0.9265536665916443,82.0,0.04100000113248825
fedavg,fedavg,434|504,434|504,2,504,data_2000_3_11_chordal,val_epoch_task,val,cycle3,52,,,,,,,,,,2000,128.0,19.0,1853.0,0.0,0.8707482993197279,1.0,0.9309090971946716,0.9309090971946716,0.9309090971946716,128.0,0.06400000303983688
fedavg,fedavg,434|504,434|504,2,504,data_2000_3_11_chordal,val_epoch_task,val,cycle4,52,,,,,,,,,,2000,156.0,28.0,1815.0,1.0,0.8478260869565217,0.9936305732484076,0.9149559736251831,0.9149559736251831,0.9149559736251831,157.0,0.07850000262260437
fedavg,fedavg,434|504,434|504,2,504,data_2000_3_11_chordal,val_epoch_task,val,cycle5,52,,,,,,,,,,2000,184.0,68.0,1745.0,3.0,0.7301587301587301,0.983957219251337,0.8382688164710999,0.8382688164710999,0.8382688164710999,187.0,0.09350000321865082
fedavg,fedavg,434|504,434|504,2,504,data_2000_3_11_chordal,val_epoch_task,val,cycle6,52,,,,,,,,,,2000,179.0,111.0,1706.0,4.0,0.6172413793103448,0.9781420765027322,0.7568710446357727,0.7568710446357727,0.7568710446357727,183.0,0.09149999916553497
fedavg,fedavg,434|504,434|504,2,434,data_4000_5_2.0_chordal,global_val_client,val,,52,,,0.17187317353487014,0.9392,0.7617499828338623,0.9321201295076476,0.9223814010620117,0.9223814010620117,0.9223814010620117,4000,,,,,,,,,,,
fedavg,fedavg,434|504,434|504,2,434,data_4000_5_2.0_chordal,global_val_client_task,val,cycle2,52,,,,,,,,,,4000,1986.0,10.0,2004.0,0.0,0.9949899799599199,1.0,0.9974886775016785,0.9974886775016785,0.9974886775016785,1986.0,0.4964999854564667
fedavg,fedavg,434|504,434|504,2,434,data_4000_5_2.0_chordal,global_val_client_task,val,cycle3,52,,,,,,,,,,4000,1986.0,22.0,1991.0,1.0,0.9890438247011952,0.9994967287367891,0.9942428469657898,0.9942428469657898,0.9942428469657898,1987.0,0.49674999713897705
fedavg,fedavg,434|504,434|504,2,434,data_4000_5_2.0_chordal,global_val_client_task,val,cycle4,52,,,,,,,,,,4000,1759.0,151.0,2086.0,4.0,0.9209424083769634,0.9977311401020987,0.9578002095222473,0.9578002095222473,0.9578002095222473,1763.0,0.44075000286102295
fedavg,fedavg,434|504,434|504,2,434,data_4000_5_2.0_chordal,global_val_client_task,val,cycle5,52,,,,,,,,,,4000,1516.0,421.0,2054.0,9.0,0.7826535880227156,0.9940983606557378,0.8757942914962769,0.8757942914962769,0.8757942914962769,1525.0,0.3812499940395355
fedavg,fedavg,434|504,434|504,2,434,data_4000_5_2.0_chordal,global_val_client_task,val,cycle6,52,,,,,,,,,,4000,1102.0,561.0,2300.0,37.0,0.6626578472639808,0.9675153643546971,0.7865809798240662,0.7865809798240662,0.7865809798240662,1139.0,0.2847500145435333
fedavg,fedavg,434|504,434|504,2,504,data_2000_3_11_chordal,global_val_client,val,,52,,,0.15185981317609548,0.9821,0.9265000224113464,0.8883343730505303,0.9001347422599792,0.9001347422599792,0.9001347422599792,2000,,,,,,,,,,,
fedavg,fedavg,434|504,434|504,2,504,data_2000_3_11_chordal,global_val_client_task,val,cycle2,52,,,,,,,,,,2000,82.0,14.0,1904.0,0.0,0.8541666666666666,1.0,0.9213482737541199,0.9213482737541199,0.9213482737541199,82.0,0.04100000113248825
fedavg,fedavg,434|504,434|504,2,504,data_2000_3_11_chordal,global_val_client_task,val,cycle3,52,,,,,,,,,,2000,128.0,9.0,1863.0,0.0,0.9343065693430657,1.0,0.9660376906394958,0.9660376906394958,0.9660376906394958,128.0,0.06400000303983688
fedavg,fedavg,434|504,434|504,2,504,data_2000_3_11_chordal,global_val_client_task,val,cycle4,52,,,,,,,,,,2000,148.0,12.0,1831.0,9.0,0.925,0.9426751592356688,0.9337539076805115,0.9337539076805115,0.9337539076805115,157.0,0.07850000262260437
fedavg,fedavg,434|504,434|504,2,504,data_2000_3_11_chordal,global_val_client_task,val,cycle5,52,,,,,,,,,,2000,183.0,53.0,1760.0,4.0,0.7754237288135594,0.9786096256684492,0.8652482032775879,0.8652482032775879,0.8652482032775879,187.0,0.09350000321865082
fedavg,fedavg,434|504,434|504,2,504,data_2000_3_11_chordal,global_val_client_task,val,cycle6,52,,,,,,,,,,2000,171.0,66.0,1751.0,12.0,0.7215189873417721,0.9344262295081968,0.8142856359481812,0.8142856359481812,0.8142856359481812,183.0,0.09149999916553497
fedavg,fedavg,434|504,434|504,2,all,all,global_val_mean,val,,52,,,0.1652020534152786,0.9535,0.8166666626930237,0.9175248773552751,0.9149658481280009,0.9149658481280009,0.9149658481280009,6000,,,,,,,,,,,
fedavg,fedavg,434|504,434|504,2,434,data_4000_5_2.0_chordal,train_epoch,train,,53,1.0,0.0665436481833458,,,,,,,,4000,,,,,,,,,,,
fedavg,fedavg,434|504,434|504,2,434,data_4000_5_2.0_chordal,train_epoch,train,,53,2.0,0.06768203443288803,,,,,,,,4000,,,,,,,,,,,
fedavg,fedavg,434|504,434|504,2,434,data_4000_5_2.0_chordal,train_epoch,train,,53,3.0,0.05684623502194881,,,,,,,,4000,,,,,,,,,,,
fedavg,fedavg,434|504,434|504,2,434,data_4000_5_2.0_chordal,train_epoch,train,,53,4.0,0.05929034985601902,,,,,,,,4000,,,,,,,,,,,
fedavg,fedavg,434|504,434|504,2,434,data_4000_5_2.0_chordal,train_epoch,train,,53,5.0,0.06872717675566674,,,,,,,,4000,,,,,,,,,,,
fedavg,fedavg,434|504,434|504,2,434,data_4000_5_2.0_chordal,val_epoch,val,,53,,,0.12353201192617416,0.9612,0.8377500176429749,0.9551963048498846,0.9455199241638184,0.9455199241638184,0.9455199241638184,4000,,,,,,,,,,,
fedavg,fedavg,434|504,434|504,2,434,data_4000_5_2.0_chordal,val_epoch_task,val,cycle2,53,,,,,,,,,,4000,1984.0,7.0,2007.0,2.0,0.9964841788046208,0.998992950654582,0.997736930847168,0.997736930847168,0.997736930847168,1986.0,0.4964999854564667
fedavg,fedavg,434|504,434|504,2,434,data_4000_5_2.0_chordal,val_epoch_task,val,cycle3,53,,,,,,,,,,4000,1986.0,22.0,1991.0,1.0,0.9890438247011952,0.9994967287367891,0.9942428469657898,0.9942428469657898,0.9942428469657898,1987.0,0.49674999713897705
fedavg,fedavg,434|504,434|504,2,434,data_4000_5_2.0_chordal,val_epoch_task,val,cycle4,53,,,,,,,,,,4000,1749.0,49.0,2188.0,14.0,0.9727474972191323,0.9920589903573455,0.9823083281517029,0.9823083281517029,0.9823083281517029,1763.0,0.44075000286102295
fedavg,fedavg,434|504,434|504,2,434,data_4000_5_2.0_chordal,val_epoch_task,val,cycle5,53,,,,,,,,,,4000,1489.0,190.0,2285.0,36.0,0.8868374032162001,0.9763934426229508,0.9294631481170654,0.9294631481170654,0.9294631481170654,1525.0,0.3812499940395355
fedavg,fedavg,434|504,434|504,2,434,data_4000_5_2.0_chordal,val_epoch_task,val,cycle6,53,,,,,,,,,,4000,1064.0,380.0,2481.0,75.0,0.7368421052631579,0.9341527655838455,0.8238482475280762,0.8238482475280762,0.8238482475280762,1139.0,0.2847500145435333
fedavg,fedavg,434|504,434|504,2,504,data_2000_3_11_chordal,train_epoch,train,,53,1.0,0.0968415789604187,,,,,,,,2000,,,,,,,,,,,
fedavg,fedavg,434|504,434|504,2,504,data_2000_3_11_chordal,train_epoch,train,,53,2.0,0.11486975181102753,,,,,,,,2000,,,,,,,,,,,
fedavg,fedavg,434|504,434|504,2,504,data_2000_3_11_chordal,train_epoch,train,,53,3.0,0.09239752599596977,,,,,,,,2000,,,,,,,,,,,
fedavg,fedavg,434|504,434|504,2,504,data_2000_3_11_chordal,train_epoch,train,,53,4.0,0.10939145021140576,,,,,,,,2000,,,,,,,,,,,
fedavg,fedavg,434|504,434|504,2,504,data_2000_3_11_chordal,train_epoch,train,,53,5.0,0.10387100702431053,,,,,,,,2000,,,,,,,,,,,
fedavg,fedavg,434|504,434|504,2,504,data_2000_3_11_chordal,val_epoch,val,,53,,,0.11765365009009839,0.9747,0.902999997138977,0.8523058960887333,0.875474750995636,0.875474750995636,0.875474750995636,2000,,,,,,,,,,,
fedavg,fedavg,434|504,434|504,2,504,data_2000_3_11_chordal,val_epoch_task,val,cycle2,53,,,,,,,,,,2000,82.0,10.0,1908.0,0.0,0.8913043478260869,1.0,0.9425287246704102,0.9425287246704102,0.9425287246704102,82.0,0.04100000113248825
fedavg,fedavg,434|504,434|504,2,504,data_2000_3_11_chordal,val_epoch_task,val,cycle3,53,,,,,,,,,,2000,128.0,16.0,1856.0,0.0,0.8888888888888888,1.0,0.9411765336990356,0.9411765336990356,0.9411765336990356,128.0,0.06400000303983688
fedavg,fedavg,434|504,434|504,2,504,data_2000_3_11_chordal,val_epoch_task,val,cycle4,53,,,,,,,,,,2000,153.0,22.0,1821.0,4.0,0.8742857142857143,0.9745222929936306,0.9216867089271545,0.9216867089271545,0.9216867089271545,157.0,0.07850000262260437
fedavg,fedavg,434|504,434|504,2,504,data_2000_3_11_chordal,val_epoch_task,val,cycle5,53,,,,,,,,,,2000,186.0,81.0,1732.0,1.0,0.6966292134831461,0.9946524064171123,0.8193833231925964,0.8193833231925964,0.8193833231925964,187.0,0.09350000321865082
fedavg,fedavg,434|504,434|504,2,504,data_2000_3_11_chordal,val_epoch_task,val,cycle6,53,,,,,,,,,,2000,181.0,117.0,1700.0,2.0,0.6073825503355704,0.9890710382513661,0.752598762512207,0.752598762512207,0.752598762512207,183.0,0.09149999916553497
fedavg,fedavg,434|504,434|504,2,434,data_4000_5_2.0_chordal,global_val_client,val,,53,,,0.1661929348707199,0.93795,0.7599999904632568,0.9307902515197144,0.9209821820259094,0.9209821820259094,0.9209821820259094,4000,,,,,,,,,,,
fedavg,fedavg,434|504,434|504,2,434,data_4000_5_2.0_chordal,global_val_client_task,val,cycle2,53,,,,,,,,,,4000,1986.0,16.0,1998.0,0.0,0.9920079920079921,1.0,0.9959879517555237,0.9959879517555237,0.9959879517555237,1986.0,0.4964999854564667
fedavg,fedavg,434|504,434|504,2,434,data_4000_5_2.0_chordal,global_val_client_task,val,cycle3,53,,,,,,,,,,4000,1987.0,23.0,1990.0,0.0,0.9885572139303482,1.0,0.994245707988739,0.994245707988739,0.994245707988739,1987.0,0.49674999713897705
fedavg,fedavg,434|504,434|504,2,434,data_4000_5_2.0_chordal,global_val_client_task,val,cycle4,53,,,,,,,,,,4000,1755.0,139.0,2098.0,8.0,0.926610348468849,0.9954622802041974,0.9598031044006348,0.9598031044006348,0.9598031044006348,1763.0,0.44075000286102295
fedavg,fedavg,434|504,434|504,2,434,data_4000_5_2.0_chordal,global_val_client_task,val,cycle5,53,,,,,,,,,,4000,1509.0,388.0,2087.0,16.0,0.7954665260938324,0.9895081967213115,0.8819404244422913,0.8819404244422913,0.8819404244422913,1525.0,0.3812499940395355
fedavg,fedavg,434|504,434|504,2,434,data_4000_5_2.0_chordal,global_val_client_task,val,cycle6,53,,,,,,,,,,4000,1108.0,620.0,2241.0,31.0,0.6412037037037037,0.9727831431079894,0.7729334235191345,0.7729334235191345,0.7729334235191345,1139.0,0.2847500145435333
fedavg,fedavg,434|504,434|504,2,504,data_2000_3_11_chordal,global_val_client,val,,53,,,0.11000404539704323,0.9847,0.9365000128746033,0.9044347282948159,0.9170618057250977,0.9170618057250977,0.9170618057250977,2000,,,,,,,,,,,
fedavg,fedavg,434|504,434|504,2,504,data_2000_3_11_chordal,global_val_client_task,val,cycle2,53,,,,,,,,,,2000,82.0,7.0,1911.0,0.0,0.9213483146067416,1.0,0.9590643644332886,0.9590643644332886,0.9590643644332886,82.0,0.04100000113248825
fedavg,fedavg,434|504,434|504,2,504,data_2000_3_11_chordal,global_val_client_task,val,cycle3,53,,,,,,,,,,2000,126.0,13.0,1859.0,2.0,0.9064748201438849,0.984375,0.9438202381134033,0.9438202381134033,0.9438202381134033,128.0,0.06400000303983688
fedavg,fedavg,434|504,434|504,2,504,data_2000_3_11_chordal,global_val_client_task,val,cycle4,53,,,,,,,,,,2000,154.0,9.0,1834.0,3.0,0.9447852760736196,0.9808917197452229,0.9624999761581421,0.9624999761581421,0.9624999761581421,157.0,0.07850000262260437
fedavg,fedavg,434|504,434|504,2,504,data_2000_3_11_chordal,global_val_client_task,val,cycle5,53,,,,,,,,,,2000,186.0,38.0,1775.0,1.0,0.8303571428571429,0.9946524064171123,0.9051094651222229,0.9051094651222229,0.9051094651222229,187.0,0.09350000321865082
fedavg,fedavg,434|504,434|504,2,504,data_2000_3_11_chordal,global_val_client_task,val,cycle6,53,,,,,,,,,,2000,176.0,73.0,1744.0,7.0,0.7068273092369478,0.9617486338797814,0.8148148059844971,0.8148148059844971,0.8148148059844971,183.0,0.09149999916553497
fedavg,fedavg,434|504,434|504,2,all,all,global_val_mean,val,,53,,,0.147463305046161,0.9535333333333333,0.8188333312670389,0.9220050771114149,0.9196753899256388,0.9196753899256388,0.9196753899256388,6000,,,,,,,,,,,
fedavg,fedavg,434|504,434|504,2,434,data_4000_5_2.0_chordal,train_epoch,train,,54,1.0,0.07051959228515625,,,,,,,,4000,,,,,,,,,,,
fedavg,fedavg,434|504,434|504,2,434,data_4000_5_2.0_chordal,train_epoch,train,,54,2.0,0.06135568940639496,,,,,,,,4000,,,,,,,,,,,
fedavg,fedavg,434|504,434|504,2,434,data_4000_5_2.0_chordal,train_epoch,train,,54,3.0,0.06344103363156318,,,,,,,,4000,,,,,,,,,,,
fedavg,fedavg,434|504,434|504,2,434,data_4000_5_2.0_chordal,train_epoch,train,,54,4.0,0.06199031102657318,,,,,,,,4000,,,,,,,,,,,
fedavg,fedavg,434|504,434|504,2,434,data_4000_5_2.0_chordal,train_epoch,train,,54,5.0,0.06571326264739037,,,,,,,,4000,,,,,,,,,,,
fedavg,fedavg,434|504,434|504,2,434,data_4000_5_2.0_chordal,val_epoch,val,,54,,,0.1180163630247116,0.96425,0.8457499742507935,0.9582384206529992,0.9482893943786621,0.9482893943786621,0.9482893943786621,4000,,,,,,,,,,,
fedavg,fedavg,434|504,434|504,2,434,data_4000_5_2.0_chordal,val_epoch_task,val,cycle2,54,,,,,,,,,,4000,1986.0,9.0,2005.0,0.0,0.9954887218045113,1.0,0.9977392554283142,0.9977392554283142,0.9977392554283142,1986.0,0.4964999854564667
fedavg,fedavg,434|504,434|504,2,434,data_4000_5_2.0_chordal,val_epoch_task,val,cycle3,54,,,,,,,,,,4000,1986.0,25.0,1988.0,1.0,0.9875683739433118,0.9994967287367891,0.9934967756271362,0.9934967756271362,0.9934967756271362,1987.0,0.49674999713897705
fedavg,fedavg,434|504,434|504,2,434,data_4000_5_2.0_chordal,val_epoch_task,val,cycle4,54,,,,,,,,,,4000,1740.0,44.0,2193.0,23.0,0.9753363228699552,0.9869540555870675,0.9811108112335205,0.9811108112335205,0.9811108112335205,1763.0,0.44075000286102295
fedavg,fedavg,434|504,434|504,2,434,data_4000_5_2.0_chordal,val_epoch_task,val,cycle5,54,,,,,,,,,,4000,1471.0,170.0,2305.0,54.0,0.8964046313223644,0.9645901639344262,0.9292482733726501,0.9292482733726501,0.9292482733726501,1525.0,0.3812499940395355
fedavg,fedavg,434|504,434|504,2,434,data_4000_5_2.0_chordal,val_epoch_task,val,cycle6,54,,,,,,,,,,4000,1020.0,270.0,2591.0,119.0,0.7906976744186046,0.8955223880597015,0.8398517966270447,0.8398517966270447,0.8398517966270447,1139.0,0.2847500145435333
fedavg,fedavg,434|504,434|504,2,504,data_2000_3_11_chordal,train_epoch,train,,54,1.0,0.11827701425552369,,,,,,,,2000,,,,,,,,,,,
fedavg,fedavg,434|504,434|504,2,504,data_2000_3_11_chordal,train_epoch,train,,54,2.0,0.14439305740594863,,,,,,,,2000,,,,,,,,,,,
fedavg,fedavg,434|504,434|504,2,504,data_2000_3_11_chordal,train_epoch,train,,54,3.0,0.0867961279116571,,,,,,,,2000,,,,,,,,,,,
fedavg,fedavg,434|504,434|504,2,504,data_2000_3_11_chordal,train_epoch,train,,54,4.0,0.08489538556337356,,,,,,,,2000,,,,,,,,,,,
fedavg,fedavg,434|504,434|504,2,504,data_2000_3_11_chordal,train_epoch,train,,54,5.0,0.11535027027130126,,,,,,,,2000,,,,,,,,,,,
fedavg,fedavg,434|504,434|504,2,504,data_2000_3_11_chordal,val_epoch,val,,54,,,0.12053880953788758,0.9758,0.8955000042915344,0.8578143360752056,0.8890217542648315,0.8890217542648315,0.8890217542648315,2000,,,,,,,,,,,
fedavg,fedavg,434|504,434|504,2,504,data_2000_3_11_chordal,val_epoch_task,val,cycle2,54,,,,,,,,,,2000,82.0,6.0,1912.0,0.0,0.9318181818181818,1.0,0.9647058844566345,0.9647058844566345,0.9647058844566345,82.0,0.04100000113248825
fedavg,fedavg,434|504,434|504,2,504,data_2000_3_11_chordal,val_epoch_task,val,cycle3,54,,,,,,,,,,2000,124.0,5.0,1867.0,4.0,0.9612403100775194,0.96875,0.9649805426597595,0.9649805426597595,0.9649805426597595,128.0,0.06400000303983688
fedavg,fedavg,434|504,434|504,2,504,data_2000_3_11_chordal,val_epoch_task,val,cycle4,54,,,,,,,,,,2000,155.0,17.0,1826.0,2.0,0.9011627906976745,0.9872611464968153,0.9422492980957031,0.9422492980957031,0.9422492980957031,157.0,0.07850000262260437
fedavg,fedavg,434|504,434|504,2,504,data_2000_3_11_chordal,val_epoch_task,val,cycle5,54,,,,,,,,,,2000,186.0,59.0,1754.0,1.0,0.7591836734693878,0.9946524064171123,0.8611111044883728,0.8611111044883728,0.8611111044883728,187.0,0.09350000321865082
fedavg,fedavg,434|504,434|504,2,504,data_2000_3_11_chordal,val_epoch_task,val,cycle6,54,,,,,,,,,,2000,183.0,148.0,1669.0,0.0,0.552870090634441,1.0,0.7120622992515564,0.7120622992515564,0.7120622992515564,183.0,0.09149999916553497
fedavg,fedavg,434|504,434|504,2,434,data_4000_5_2.0_chordal,global_val_client,val,,54,,,0.15694258189201354,0.94415,0.7764999866485596,0.9373211379832782,0.9277799725532532,0.9277799725532532,0.9277799725532532,4000,,,,,,,,,,,
fedavg,fedavg,434|504,434|504,2,434,data_4000_5_2.0_chordal,global_val_client_task,val,cycle2,54,,,,,,,,,,4000,1986.0,14.0,2000.0,0.0,0.993,1.0,0.9964876770973206,0.9964876770973206,0.9964876770973206,1986.0,0.4964999854564667
fedavg,fedavg,434|504,434|504,2,434,data_4000_5_2.0_chordal,global_val_client_task,val,cycle3,54,,,,,,,,,,4000,1987.0,44.0,1969.0,0.0,0.9783357951747907,1.0,0.9890492558479309,0.9890492558479309,0.9890492558479309,1987.0,0.49674999713897705
fedavg,fedavg,434|504,434|504,2,434,data_4000_5_2.0_chordal,global_val_client_task,val,cycle4,54,,,,,,,,,,4000,1755.0,102.0,2135.0,8.0,0.9450726978998385,0.9954622802041974,0.969613254070282,0.969613254070282,0.969613254070282,1763.0,0.44075000286102295
fedavg,fedavg,434|504,434|504,2,434,data_4000_5_2.0_chordal,global_val_client_task,val,cycle5,54,,,,,,,,,,4000,1513.0,311.0,2164.0,12.0,0.8294956140350878,0.9921311475409836,0.9035532474517822,0.9035532474517822,0.9035532474517822,1525.0,0.3812499940395355
fedavg,fedavg,434|504,434|504,2,434,data_4000_5_2.0_chordal,global_val_client_task,val,cycle6,54,,,,,,,,,,4000,1111.0,598.0,2263.0,28.0,0.6500877706260971,0.9754170324846356,0.7801966667175293,0.7801966667175293,0.7801966667175293,1139.0,0.2847500145435333
fedavg,fedavg,434|504,434|504,2,504,data_2000_3_11_chordal,global_val_client,val,,54,,,0.17314242535829544,0.9807,0.921999990940094,0.8812307692307693,0.8974863290786743,0.8974863290786743,0.8974863290786743,2000,,,,,,,,,,,
fedavg,fedavg,434|504,434|504,2,504,data_2000_3_11_chordal,global_val_client_task,val,cycle2,54,,,,,,,,,,2000,82.0,9.0,1909.0,0.0,0.9010989010989011,1.0,0.94797682762146,0.94797682762146,0.94797682762146,82.0,0.04100000113248825
fedavg,fedavg,434|504,434|504,2,504,data_2000_3_11_chordal,global_val_client_task,val,cycle3,54,,,,,,,,,,2000,128.0,16.0,1856.0,0.0,0.8888888888888888,1.0,0.9411765336990356,0.9411765336990356,0.9411765336990356,128.0,0.06400000303983688
fedavg,fedavg,434|504,434|504,2,504,data_2000_3_11_chordal,global_val_client_task,val,cycle4,54,,,,,,,,,,2000,151.0,14.0,1829.0,6.0,0.9151515151515152,0.9617834394904459,0.9378882050514221,0.9378882050514221,0.9378882050514221,157.0,0.07850000262260437
fedavg,fedavg,434|504,434|504,2,504,data_2000_3_11_chordal,global_val_client_task,val,cycle5,54,,,,,,,,,,2000,185.0,40.0,1773.0,2.0,0.8222222222222222,0.9893048128342246,0.8980583548545837,0.8980583548545837,0.8980583548545837,187.0,0.09350000321865082
fedavg,fedavg,434|504,434|504,2,504,data_2000_3_11_chordal,global_val_client_task,val,cycle6,54,,,,,,,,,,2000,170.0,93.0,1724.0,13.0,0.6463878326996197,0.9289617486338798,0.7623317837715149,0.7623317837715149,0.7623317837715149,183.0,0.09149999916553497
fedavg,fedavg,434|504,434|504,2,all,all,global_val_mean,val,,54,,,0.1623425297141075,0.9563333333333334,0.824999988079071,0.9186243483991086,0.9176820913950602,0.9176820913950602,0.9176820913950602,6000,,,,,,,,,,,
fedavg,fedavg,434|504,434|504,2,434,data_4000_5_2.0_chordal,train_epoch,train,,55,1.0,0.06393235561251641,,,,,,,,4000,,,,,,,,,,,
fedavg,fedavg,434|504,434|504,2,434,data_4000_5_2.0_chordal,train_epoch,train,,55,2.0,0.060842416256666185,,,,,,,,4000,,,,,,,,,,,
fedavg,fedavg,434|504,434|504,2,434,data_4000_5_2.0_chordal,train_epoch,train,,55,3.0,0.06457706767320633,,,,,,,,4000,,,,,,,,,,,
fedavg,fedavg,434|504,434|504,2,434,data_4000_5_2.0_chordal,train_epoch,train,,55,4.0,0.0626775916814804,,,,,,,,4000,,,,,,,,,,,
fedavg,fedavg,434|504,434|504,2,434,data_4000_5_2.0_chordal,train_epoch,train,,55,5.0,0.06460573968291283,,,,,,,,4000,,,,,,,,,,,
fedavg,fedavg,434|504,434|504,2,434,data_4000_5_2.0_chordal,val_epoch,val,,55,,,0.12184912544488907,0.9656,0.8544999957084656,0.9592995740653099,0.9488107562065125,0.9488107562065125,0.9488107562065125,4000,,,,,,,,,,,
fedavg,fedavg,434|504,434|504,2,434,data_4000_5_2.0_chordal,val_epoch_task,val,cycle2,55,,,,,,,,,,4000,1985.0,6.0,2008.0,1.0,0.9969864389753893,0.999496475327291,0.9982398748397827,0.9982398748397827,0.9982398748397827,1986.0,0.4964999854564667
fedavg,fedavg,434|504,434|504,2,434,data_4000_5_2.0_chordal,val_epoch_task,val,cycle3,55,,,,,,,,,,4000,1970.0,9.0,2004.0,17.0,0.9954522486104093,0.9914443885254152,0.9934442639350891,0.9934442639350891,0.9934442639350891,1987.0,0.49674999713897705
fedavg,fedavg,434|504,434|504,2,434,data_4000_5_2.0_chordal,val_epoch_task,val,cycle4,55,,,,,,,,,,4000,1732.0,32.0,2205.0,31.0,0.981859410430839,0.9824163357912649,0.9821377992630005,0.9821377992630005,0.9821377992630005,1763.0,0.44075000286102295
fedavg,fedavg,434|504,434|504,2,434,data_4000_5_2.0_chordal,val_epoch_task,val,cycle5,55,,,,,,,,,,4000,1431.0,122.0,2353.0,94.0,0.9214423696072118,0.9383606557377049,0.9298245906829834,0.9298245906829834,0.9298245906829834,1525.0,0.3812499940395355
fedavg,fedavg,434|504,434|504,2,434,data_4000_5_2.0_chordal,val_epoch_task,val,cycle6,55,,,,,,,,,,4000,990.0,227.0,2634.0,149.0,0.8134757600657354,0.8691834942932397,0.8404074907302856,0.8404074907302856,0.8404074907302856,1139.0,0.2847500145435333
fedavg,fedavg,434|504,434|504,2,504,data_2000_3_11_chordal,train_epoch,train,,55,1.0,0.14394373961538076,,,,,,,,2000,,,,,,,,,,,
fedavg,fedavg,434|504,434|504,2,504,data_2000_3_11_chordal,train_epoch,train,,55,2.0,0.11211602125689388,,,,,,,,2000,,,,,,,,,,,
fedavg,fedavg,434|504,434|504,2,504,data_2000_3_11_chordal,train_epoch,train,,55,3.0,0.10468403586745262,,,,,,,,2000,,,,,,,,,,,
fedavg,fedavg,434|504,434|504,2,504,data_2000_3_11_chordal,train_epoch,train,,55,4.0,0.10745828675478697,,,,,,,,2000,,,,,,,,,,,
fedavg,fedavg,434|504,434|504,2,504,data_2000_3_11_chordal,train_epoch,train,,55,5.0,0.12105018737912178,,,,,,,,2000,,,,,,,,,,,
fedavg,fedavg,434|504,434|504,2,504,data_2000_3_11_chordal,val_epoch,val,,55,,,0.14410496440529824,0.971,0.890999972820282,0.8333333333333333,0.8610067367553711,0.8610067367553711,0.8610067367553711,2000,,,,,,,,,,,
fedavg,fedavg,434|504,434|504,2,504,data_2000_3_11_chordal,val_epoch_task,val,cycle2,55,,,,,,,,,,2000,82.0,7.0,1911.0,0.0,0.9213483146067416,1.0,0.9590643644332886,0.9590643644332886,0.9590643644332886,82.0,0.04100000113248825
fedavg,fedavg,434|504,434|504,2,504,data_2000_3_11_chordal,val_epoch_task,val,cycle3,55,,,,,,,,,,2000,128.0,19.0,1853.0,0.0,0.8707482993197279,1.0,0.9309090971946716,0.9309090971946716,0.9309090971946716,128.0,0.06400000303983688
fedavg,fedavg,434|504,434|504,2,504,data_2000_3_11_chordal,val_epoch_task,val,cycle4,55,,,,,,,,,,2000,155.0,35.0,1808.0,2.0,0.8157894736842105,0.9872611464968153,0.8933717608451843,0.8933717608451843,0.8933717608451843,157.0,0.07850000262260437
fedavg,fedavg,434|504,434|504,2,504,data_2000_3_11_chordal,val_epoch_task,val,cycle5,55,,,,,,,,,,2000,184.0,94.0,1719.0,3.0,0.6618705035971223,0.983957219251337,0.7913978099822998,0.7913978099822998,0.7913978099822998,187.0,0.09350000321865082
fedavg,fedavg,434|504,434|504,2,504,data_2000_3_11_chordal,val_epoch_task,val,cycle6,55,,,,,,,,,,2000,176.0,123.0,1694.0,7.0,0.5886287625418061,0.9617486338797814,0.7302905321121216,0.7302905321121216,0.7302905321121216,183.0,0.09149999916553497
fedavg,fedavg,434|504,434|504,2,434,data_4000_5_2.0_chordal,global_val_client,val,,55,,,0.12849803775548935,0.95545,0.8182500004768372,0.9491467381998745,0.9394925236701965,0.9394925236701965,0.9394925236701965,4000,,,,,,,,,,,
fedavg,fedavg,434|504,434|504,2,434,data_4000_5_2.0_chordal,global_val_client_task,val,cycle2,55,,,,,,,,,,4000,1986.0,10.0,2004.0,0.0,0.9949899799599199,1.0,0.9974886775016785,0.9974886775016785,0.9974886775016785,1986.0,0.4964999854564667
fedavg,fedavg,434|504,434|504,2,434,data_4000_5_2.0_chordal,global_val_client_task,val,cycle3,55,,,,,,,,,,4000,1985.0,12.0,2001.0,2.0,0.9939909864797196,0.9989934574735783,0.9964858889579773,0.9964858889579773,0.9964858889579773,1987.0,0.49674999713897705
fedavg,fedavg,434|504,434|504,2,434,data_4000_5_2.0_chordal,global_val_client_task,val,cycle4,55,,,,,,,,,,4000,1756.0,67.0,2170.0,7.0,0.9632473944048272,0.9960294951786727,0.9793642163276672,0.9793642163276672,0.9793642163276672,1763.0,0.44075000286102295
fedavg,fedavg,434|504,434|504,2,434,data_4000_5_2.0_chordal,global_val_client_task,val,cycle5,55,,,,,,,,,,4000,1500.0,266.0,2209.0,25.0,0.8493771234428086,0.9836065573770492,0.9115769863128662,0.9115769863128662,0.9115769863128662,1525.0,0.3812499940395355
fedavg,fedavg,434|504,434|504,2,434,data_4000_5_2.0_chordal,global_val_client_task,val,cycle6,55,,,,,,,,,,4000,1088.0,451.0,2410.0,51.0,0.7069525666016894,0.9552238805970149,0.8125467300415039,0.8125467300415039,0.8125467300415039,1139.0,0.2847500145435333
fedavg,fedavg,434|504,434|504,2,504,data_2000_3_11_chordal,global_val_client,val,,55,,,0.1800707981288433,0.9808,0.9204999804496765,0.8810408921933086,0.8936305046081543,0.8936305046081543,0.8936305046081543,2000,,,,,,,,,,,
fedavg,fedavg,434|504,434|504,2,504,data_2000_3_11_chordal,global_val_client_task,val,cycle2,55,,,,,,,,,,2000,82.0,12.0,1906.0,0.0,0.8723404255319149,1.0,0.9318181872367859,0.9318181872367859,0.9318181872367859,82.0,0.04100000113248825
fedavg,fedavg,434|504,434|504,2,504,data_2000_3_11_chordal,global_val_client_task,val,cycle3,55,,,,,,,,,,2000,127.0,13.0,1859.0,1.0,0.9071428571428571,0.9921875,0.9477611780166626,0.9477611780166626,0.9477611780166626,128.0,0.06400000303983688
fedavg,fedavg,434|504,434|504,2,504,data_2000_3_11_chordal,global_val_client_task,val,cycle4,55,,,,,,,,,,2000,154.0,21.0,1822.0,3.0,0.88,0.9808917197452229,0.9277108311653137,0.9277108311653137,0.9277108311653137,157.0,0.07850000262260437
fedavg,fedavg,434|504,434|504,2,504,data_2000_3_11_chordal,global_val_client_task,val,cycle5,55,,,,,,,,,,2000,180.0,54.0,1759.0,7.0,0.7692307692307693,0.9625668449197861,0.8551068902015686,0.8551068902015686,0.8551068902015686,187.0,0.09350000321865082
fedavg,fedavg,434|504,434|504,2,504,data_2000_3_11_chordal,global_val_client_task,val,cycle6,55,,,,,,,,,,2000,168.0,66.0,1751.0,15.0,0.717948717948718,0.9180327868852459,0.8057553768157959,0.8057553768157959,0.8057553768157959,183.0,0.09149999916553497
fedavg,fedavg,434|504,434|504,2,all,all,global_val_mean,val,,55,,,0.14568895787994066,0.9639,0.8523333271344503,0.9264447895310193,0.9242051839828491,0.9242051839828491,0.9242051839828491,6000,,,,,,,,,,,
fedavg,fedavg,434|504,434|504,2,434,data_4000_5_2.0_chordal,train_epoch,train,,56,1.0,0.06866084522008896,,,,,,,,4000,,,,,,,,,,,
fedavg,fedavg,434|504,434|504,2,434,data_4000_5_2.0_chordal,train_epoch,train,,56,2.0,0.0643172248005867,,,,,,,,4000,,,,,,,,,,,
fedavg,fedavg,434|504,434|504,2,434,data_4000_5_2.0_chordal,train_epoch,train,,56,3.0,0.06609766566753388,,,,,,,,4000,,,,,,,,,,,
fedavg,fedavg,434|504,434|504,2,434,data_4000_5_2.0_chordal,train_epoch,train,,56,4.0,0.058922230809926986,,,,,,,,4000,,,,,,,,,,,
fedavg,fedavg,434|504,434|504,2,434,data_4000_5_2.0_chordal,train_epoch,train,,56,5.0,0.06568751081824303,,,,,,,,4000,,,,,,,,,,,
fedavg,fedavg,434|504,434|504,2,434,data_4000_5_2.0_chordal,val_epoch,val,,56,,,0.12390401363372802,0.96525,0.8497499823570251,0.9593543482074977,0.9492154121398926,0.9492154121398926,0.9492154121398926,4000,,,,,,,,,,,
fedavg,fedavg,434|504,434|504,2,434,data_4000_5_2.0_chordal,val_epoch_task,val,cycle2,56,,,,,,,,,,4000,1986.0,7.0,2007.0,0.0,0.9964877069744105,1.0,0.9982407689094543,0.9982407689094543,0.9982407689094543,1986.0,0.4964999854564667
fedavg,fedavg,434|504,434|504,2,434,data_4000_5_2.0_chordal,val_epoch_task,val,cycle3,56,,,,,,,,,,4000,1986.0,20.0,1993.0,1.0,0.9900299102691924,0.9994967287367891,0.9947407841682434,0.9947407841682434,0.9947407841682434,1987.0,0.49674999713897705
fedavg,fedavg,434|504,434|504,2,434,data_4000_5_2.0_chordal,val_epoch_task,val,cycle4,56,,,,,,,,,,4000,1751.0,68.0,2169.0,12.0,0.9626168224299065,0.9931934203062961,0.9776660799980164,0.9776660799980164,0.9776660799980164,1763.0,0.44075000286102295
fedavg,fedavg,434|504,434|504,2,434,data_4000_5_2.0_chordal,val_epoch_task,val,cycle5,56,,,,,,,,,,4000,1468.0,140.0,2335.0,57.0,0.9129353233830846,0.9626229508196721,0.9371209740638733,0.9371209740638733,0.9371209740638733,1525.0,0.3812499940395355
fedavg,fedavg,434|504,434|504,2,434,data_4000_5_2.0_chordal,val_epoch_task,val,cycle6,56,,,,,,,,,,4000,1011.0,262.0,2599.0,128.0,0.7941869599371564,0.887620719929763,0.8383083939552307,0.8383083939552307,0.8383083939552307,1139.0,0.2847500145435333
fedavg,fedavg,434|504,434|504,2,504,data_2000_3_11_chordal,train_epoch,train,,56,1.0,0.12035238632559776,,,,,,,,2000,,,,,,,,,,,
fedavg,fedavg,434|504,434|504,2,504,data_2000_3_11_chordal,train_epoch,train,,56,2.0,0.10060410103946925,,,,,,,,2000,,,,,,,,,,,
fedavg,fedavg,434|504,434|504,2,504,data_2000_3_11_chordal,train_epoch,train,,56,3.0,0.10888122552633285,,,,,,,,2000,,,,,,,,,,,
fedavg,fedavg,434|504,434|504,2,504,data_2000_3_11_chordal,train_epoch,train,,56,4.0,0.10347300623729826,,,,,,,,2000,,,,,,,,,,,
fedavg,fedavg,434|504,434|504,2,504,data_2000_3_11_chordal,train_epoch,train,,56,5.0,0.11586062675714492,,,,,,,,2000,,,,,,,,,,,
fedavg,fedavg,434|504,434|504,2,504,data_2000_3_11_chordal,val_epoch,val,,56,,,0.13033110392093658,0.9759,0.9004999995231628,0.8574807806031933,0.8817213177680969,0.8817213177680969,0.8817213177680969,2000,,,,,,,,,,,
fedavg,fedavg,434|504,434|504,2,504,data_2000_3_11_chordal,val_epoch_task,val,cycle2,56,,,,,,,,,,2000,82.0,10.0,1908.0,0.0,0.8913043478260869,1.0,0.9425287246704102,0.9425287246704102,0.9425287246704102,82.0,0.04100000113248825
fedavg,fedavg,434|504,434|504,2,504,data_2000_3_11_chordal,val_epoch_task,val,cycle3,56,,,,,,,,,,2000,128.0,8.0,1864.0,0.0,0.9411764705882353,1.0,0.9696969985961914,0.9696969985961914,0.9696969985961914,128.0,0.06400000303983688
fedavg,fedavg,434|504,434|504,2,504,data_2000_3_11_chordal,val_epoch_task,val,cycle4,56,,,,,,,,,,2000,156.0,21.0,1822.0,1.0,0.8813559322033898,0.9936305732484076,0.9341317415237427,0.9341317415237427,0.9341317415237427,157.0,0.07850000262260437
fedavg,fedavg,434|504,434|504,2,504,data_2000_3_11_chordal,val_epoch_task,val,cycle5,56,,,,,,,,,,2000,185.0,92.0,1721.0,2.0,0.6678700361010831,0.9893048128342246,0.7974138259887695,0.7974138259887695,0.7974138259887695,187.0,0.09350000321865082
fedavg,fedavg,434|504,434|504,2,504,data_2000_3_11_chordal,val_epoch_task,val,cycle6,56,,,,,,,,,,2000,174.0,98.0,1719.0,9.0,0.6397058823529411,0.9508196721311475,0.7648351788520813,0.7648351788520813,0.7648351788520813,183.0,0.09149999916553497
fedavg,fedavg,434|504,434|504,2,434,data_4000_5_2.0_chordal,global_val_client,val,,56,,,0.15884196543693543,0.94515,0.7825000286102295,0.9383673240069667,0.9288140535354614,0.9288140535354614,0.9288140535354614,4000,,,,,,,,,,,
fedavg,fedavg,434|504,434|504,2,434,data_4000_5_2.0_chordal,global_val_client_task,val,cycle2,56,,,,,,,,,,4000,1986.0,7.0,2007.0,0.0,0.9964877069744105,1.0,0.9982407689094543,0.9982407689094543,0.9982407689094543,1986.0,0.4964999854564667
fedavg,fedavg,434|504,434|504,2,434,data_4000_5_2.0_chordal,global_val_client_task,val,cycle3,56,,,,,,,,,,4000,1987.0,15.0,1998.0,0.0,0.9925074925074925,1.0,0.9962397217750549,0.9962397217750549,0.9962397217750549,1987.0,0.49674999713897705
fedavg,fedavg,434|504,434|504,2,434,data_4000_5_2.0_chordal,global_val_client_task,val,cycle4,56,,,,,,,,,,4000,1761.0,164.0,2073.0,2.0,0.9148051948051948,0.9988655700510494,0.9549891352653503,0.9549891352653503,0.9549891352653503,1763.0,0.44075000286102295
fedavg,fedavg,434|504,434|504,2,434,data_4000_5_2.0_chordal,global_val_client_task,val,cycle5,56,,,,,,,,,,4000,1510.0,337.0,2138.0,15.0,0.8175419599350298,0.9901639344262295,0.8956109285354614,0.8956109285354614,0.8956109285354614,1525.0,0.3812499940395355
fedavg,fedavg,434|504,434|504,2,434,data_4000_5_2.0_chordal,global_val_client_task,val,cycle6,56,,,,,,,,,,4000,1107.0,525.0,2336.0,32.0,0.6783088235294118,0.9719051799824407,0.7989895939826965,0.7989895939826965,0.7989895939826965,1139.0,0.2847500145435333
fedavg,fedavg,434|504,434|504,2,504,data_2000_3_11_chordal,global_val_client,val,,56,,,0.13753341588005424,0.9846,0.9380000233650208,0.903022670025189,0.9127763509750366,0.9127763509750366,0.9127763509750366,2000,,,,,,,,,,,
fedavg,fedavg,434|504,434|504,2,504,data_2000_3_11_chordal,global_val_client_task,val,cycle2,56,,,,,,,,,,2000,82.0,9.0,1909.0,0.0,0.9010989010989011,1.0,0.94797682762146,0.94797682762146,0.94797682762146,82.0,0.04100000113248825
fedavg,fedavg,434|504,434|504,2,504,data_2000_3_11_chordal,global_val_client_task,val,cycle3,56,,,,,,,,,,2000,128.0,16.0,1856.0,0.0,0.8888888888888888,1.0,0.9411765336990356,0.9411765336990356,0.9411765336990356,128.0,0.06400000303983688
fedavg,fedavg,434|504,434|504,2,504,data_2000_3_11_chordal,global_val_client_task,val,cycle4,56,,,,,,,,,,2000,155.0,13.0,1830.0,2.0,0.9226190476190477,0.9872611464968153,0.9538462162017822,0.9538462162017822,0.9538462162017822,157.0,0.07850000262260437
fedavg,fedavg,434|504,434|504,2,504,data_2000_3_11_chordal,global_val_client_task,val,cycle5,56,,,,,,,,,,2000,185.0,39.0,1774.0,2.0,0.8258928571428571,0.9893048128342246,0.90024334192276,0.90024334192276,0.90024334192276,187.0,0.09350000321865082
fedavg,fedavg,434|504,434|504,2,504,data_2000_3_11_chordal,global_val_client_task,val,cycle6,56,,,,,,,,,,2000,167.0,57.0,1760.0,16.0,0.7455357142857143,0.912568306010929,0.8206388354301453,0.8206388354301453,0.8206388354301453,183.0,0.09149999916553497
fedavg,fedavg,434|504,434|504,2,all,all,global_val_mean,val,,56,,,0.1517391155846417,0.9583,0.8343333601951599,0.9265857726797074,0.9234681526819865,0.9234681526819865,0.9234681526819865,6000,,,,,,,,,,,
fedavg,fedavg,434|504,434|504,2,434,data_4000_5_2.0_chordal,train_epoch,train,,57,1.0,0.05990567684173584,,,,,,,,4000,,,,,,,,,,,
fedavg,fedavg,434|504,434|504,2,434,data_4000_5_2.0_chordal,train_epoch,train,,57,2.0,0.06490627156198024,,,,,,,,4000,,,,,,,,,,,
fedavg,fedavg,434|504,434|504,2,434,data_4000_5_2.0_chordal,train_epoch,train,,57,3.0,0.06131061787903309,,,,,,,,4000,,,,,,,,,,,
fedavg,fedavg,434|504,434|504,2,434,data_4000_5_2.0_chordal,train_epoch,train,,57,4.0,0.06645803648233414,,,,,,,,4000,,,,,,,,,,,
fedavg,fedavg,434|504,434|504,2,434,data_4000_5_2.0_chordal,train_epoch,train,,57,5.0,0.061585411950945856,,,,,,,,4000,,,,,,,,,,,
fedavg,fedavg,434|504,434|504,2,434,data_4000_5_2.0_chordal,val_epoch,val,,57,,,0.14334219717979432,0.9634,0.8492500185966492,0.9561624146604384,0.9435752034187317,0.9435752034187317,0.9435752034187317,4000,,,,,,,,,,,
fedavg,fedavg,434|504,434|504,2,434,data_4000_5_2.0_chordal,val_epoch_task,val,cycle2,57,,,,,,,,,,4000,1984.0,12.0,2002.0,2.0,0.9939879759519038,0.998992950654582,0.9964842200279236,0.9964842200279236,0.9964842200279236,1986.0,0.4964999854564667
fedavg,fedavg,434|504,434|504,2,434,data_4000_5_2.0_chordal,val_epoch_task,val,cycle3,57,,,,,,,,,,4000,1977.0,14.0,1999.0,10.0,0.9929683576092416,0.9949672873678913,0.993966817855835,0.993966817855835,0.993966817855835,1987.0,0.49674999713897705
fedavg,fedavg,434|504,434|504,2,434,data_4000_5_2.0_chordal,val_epoch_task,val,cycle4,57,,,,,,,,,,4000,1725.0,39.0,2198.0,38.0,0.9778911564625851,0.9784458309699376,0.9781684279441833,0.9781684279441833,0.9781684279441833,1763.0,0.44075000286102295
fedavg,fedavg,434|504,434|504,2,434,data_4000_5_2.0_chordal,val_epoch_task,val,cycle5,57,,,,,,,,,,4000,1379.0,89.0,2386.0,146.0,0.9393732970027248,0.9042622950819672,0.9214834570884705,0.9214834570884705,0.9214834570884705,1525.0,0.3812499940395355
fedavg,fedavg,434|504,434|504,2,434,data_4000_5_2.0_chordal,val_epoch_task,val,cycle6,57,,,,,,,,,,4000,918.0,161.0,2700.0,221.0,0.8507877664504171,0.8059701492537313,0.8277727961540222,0.8277727961540222,0.8277727961540222,1139.0,0.2847500145435333
fedavg,fedavg,434|504,434|504,2,504,data_2000_3_11_chordal,train_epoch,train,,57,1.0,0.13110518623888492,,,,,,,,2000,,,,,,,,,,,
fedavg,fedavg,434|504,434|504,2,504,data_2000_3_11_chordal,train_epoch,train,,57,2.0,0.09949148708581924,,,,,,,,2000,,,,,,,,,,,
fedavg,fedavg,434|504,434|504,2,504,data_2000_3_11_chordal,train_epoch,train,,57,3.0,0.10069268361479045,,,,,,,,2000,,,,,,,,,,,
fedavg,fedavg,434|504,434|504,2,504,data_2000_3_11_chordal,train_epoch,train,,57,4.0,0.12284862333536148,,,,,,,,2000,,,,,,,,,,,
fedavg,fedavg,434|504,434|504,2,504,data_2000_3_11_chordal,train_epoch,train,,57,5.0,0.10342349605821073,,,,,,,,2000,,,,,,,,,,,
fedavg,fedavg,434|504,434|504,2,504,data_2000_3_11_chordal,val_epoch,val,,57,,,0.1554689612388611,0.9788,0.9204999804496765,0.8704156479217603,0.8812874555587769,0.8812874555587769,0.8812874555587769,2000,,,,,,,,,,,
fedavg,fedavg,434|504,434|504,2,504,data_2000_3_11_chordal,val_epoch_task,val,cycle2,57,,,,,,,,,,2000,82.0,17.0,1901.0,0.0,0.8282828282828283,1.0,0.9060773253440857,0.9060773253440857,0.9060773253440857,82.0,0.04100000113248825
fedavg,fedavg,434|504,434|504,2,504,data_2000_3_11_chordal,val_epoch_task,val,cycle3,57,,,,,,,,,,2000,123.0,15.0,1857.0,5.0,0.8913043478260869,0.9609375,0.9248120784759521,0.9248120784759521,0.9248120784759521,128.0,0.06400000303983688
fedavg,fedavg,434|504,434|504,2,504,data_2000_3_11_chordal,val_epoch_task,val,cycle4,57,,,,,,,,,,2000,153.0,21.0,1822.0,4.0,0.8793103448275862,0.9745222929936306,0.9244712591171265,0.9244712591171265,0.9244712591171265,157.0,0.07850000262260437
fedavg,fedavg,434|504,434|504,2,504,data_2000_3_11_chordal,val_epoch_task,val,cycle5,57,,,,,,,,,,2000,177.0,56.0,1757.0,10.0,0.759656652360515,0.946524064171123,0.8428571820259094,0.8428571820259094,0.8428571820259094,187.0,0.09350000321865082
fedavg,fedavg,434|504,434|504,2,504,data_2000_3_11_chordal,val_epoch_task,val,cycle6,57,,,,,,,,,,2000,177.0,78.0,1739.0,6.0,0.6941176470588235,0.9672131147540983,0.8082192540168762,0.8082192540168762,0.8082192540168762,183.0,0.09149999916553497
fedavg,fedavg,434|504,434|504,2,434,data_4000_5_2.0_chordal,global_val_client,val,,57,,,0.1245582531094551,0.95685,0.8227499723434448,0.9505075414348798,0.940788745880127,0.940788745880127,0.940788745880127,4000,,,,,,,,,,,
fedavg,fedavg,434|504,434|504,2,434,data_4000_5_2.0_chordal,global_val_client_task,val,cycle2,57,,,,,,,,,,4000,1986.0,9.0,2005.0,0.0,0.9954887218045113,1.0,0.9977392554283142,0.9977392554283142,0.9977392554283142,1986.0,0.4964999854564667
fedavg,fedavg,434|504,434|504,2,434,data_4000_5_2.0_chordal,global_val_client_task,val,cycle3,57,,,,,,,,,,4000,1985.0,28.0,1985.0,2.0,0.9860904123199206,0.9989934574735783,0.9925000667572021,0.9925000667572021,0.9925000667572021,1987.0,0.49674999713897705
fedavg,fedavg,434|504,434|504,2,434,data_4000_5_2.0_chordal,global_val_client_task,val,cycle4,57,,,,,,,,,,4000,1756.0,85.0,2152.0,7.0,0.9538294405214557,0.9960294951786727,0.9744728803634644,0.9744728803634644,0.9744728803634644,1763.0,0.44075000286102295
fedavg,fedavg,434|504,434|504,2,434,data_4000_5_2.0_chordal,global_val_client_task,val,cycle5,57,,,,,,,,,,4000,1496.0,251.0,2224.0,29.0,0.8563251287922152,0.980983606557377,0.9144254326820374,0.9144254326820374,0.9144254326820374,1525.0,0.3812499940395355
fedavg,fedavg,434|504,434|504,2,434,data_4000_5_2.0_chordal,global_val_client_task,val,cycle6,57,,,,,,,,,,4000,1064.0,377.0,2484.0,75.0,0.7383761276891048,0.9341527655838455,0.8248062133789062,0.8248062133789062,0.8248062133789062,1139.0,0.2847500145435333
fedavg,fedavg,434|504,434|504,2,504,data_2000_3_11_chordal,global_val_client,val,,57,,,0.17484077010676266,0.9834,0.9325000047683716,0.8941326530612245,0.9067569971084595,0.9067569971084595,0.9067569971084595,2000,,,,,,,,,,,
fedavg,fedavg,434|504,434|504,2,504,data_2000_3_11_chordal,global_val_client_task,val,cycle2,57,,,,,,,,,,2000,82.0,8.0,1910.0,0.0,0.9111111111111111,1.0,0.9534883499145508,0.9534883499145508,0.9534883499145508,82.0,0.04100000113248825
fedavg,fedavg,434|504,434|504,2,504,data_2000_3_11_chordal,global_val_client_task,val,cycle3,57,,,,,,,,,,2000,128.0,12.0,1860.0,0.0,0.9142857142857143,1.0,0.9552239179611206,0.9552239179611206,0.9552239179611206,128.0,0.06400000303983688
fedavg,fedavg,434|504,434|504,2,504,data_2000_3_11_chordal,global_val_client_task,val,cycle4,57,,,,,,,,,,2000,151.0,13.0,1830.0,6.0,0.9207317073170732,0.9617834394904459,0.940809965133667,0.940809965133667,0.940809965133667,157.0,0.07850000262260437
fedavg,fedavg,434|504,434|504,2,504,data_2000_3_11_chordal,global_val_client_task,val,cycle5,57,,,,,,,,,,2000,183.0,37.0,1776.0,4.0,0.8318181818181818,0.9786096256684492,0.8992629051208496,0.8992629051208496,0.8992629051208496,187.0,0.09350000321865082
fedavg,fedavg,434|504,434|504,2,504,data_2000_3_11_chordal,global_val_client_task,val,cycle6,57,,,,,,,,,,2000,157.0,60.0,1757.0,26.0,0.7235023041474654,0.8579234972677595,0.7849999666213989,0.7849999666213989,0.7849999666213989,183.0,0.09149999916553497
fedavg,fedavg,434|504,434|504,2,all,all,global_val_mean,val,,57,,,0.14131909210855761,0.9657000000000001,0.859333316485087,0.9317159119769948,0.9294448296229044,0.9294448296229044,0.9294448296229044,6000,,,,,,,,,,,
fedavg,fedavg,434|504,434|504,2,434,data_4000_5_2.0_chordal,train_epoch,train,,58,1.0,0.06680282273888588,,,,,,,,4000,,,,,,,,,,,
fedavg,fedavg,434|504,434|504,2,434,data_4000_5_2.0_chordal,train_epoch,train,,58,2.0,0.06335162124037742,,,,,,,,4000,,,,,,,,,,,
fedavg,fedavg,434|504,434|504,2,434,data_4000_5_2.0_chordal,train_epoch,train,,58,3.0,0.0625574661642313,,,,,,,,4000,,,,,,,,,,,
fedavg,fedavg,434|504,434|504,2,434,data_4000_5_2.0_chordal,train_epoch,train,,58,4.0,0.061215904504060746,,,,,,,,4000,,,,,,,,,,,
fedavg,fedavg,434|504,434|504,2,434,data_4000_5_2.0_chordal,train_epoch,train,,58,5.0,0.05619471205025911,,,,,,,,4000,,,,,,,,,,,
fedavg,fedavg,434|504,434|504,2,434,data_4000_5_2.0_chordal,val_epoch,val,,58,,,0.13384480196237564,0.9616,0.8395000100135803,0.954908407703147,0.9440158605575562,0.9440158605575562,0.9440158605575562,4000,,,,,,,,,,,
fedavg,fedavg,434|504,434|504,2,434,data_4000_5_2.0_chordal,val_epoch_task,val,cycle2,58,,,,,,,,,,4000,1986.0,13.0,2001.0,0.0,0.9934967483741871,1.0,0.9967377781867981,0.9967377781867981,0.9967377781867981,1986.0,0.4964999854564667
fedavg,fedavg,434|504,434|504,2,434,data_4000_5_2.0_chordal,val_epoch_task,val,cycle3,58,,,,,,,,,,4000,1980.0,13.0,2000.0,7.0,0.9934771700953337,0.9964771011575239,0.9949749708175659,0.9949749708175659,0.9949749708175659,1987.0,0.49674999713897705
fedavg,fedavg,434|504,434|504,2,434,data_4000_5_2.0_chordal,val_epoch_task,val,cycle4,58,,,,,,,,,,4000,1729.0,36.0,2201.0,34.0,0.9796033994334278,0.9807146908678389,0.9801586866378784,0.9801586866378784,0.9801586866378784,1763.0,0.44075000286102295
fedavg,fedavg,434|504,434|504,2,434,data_4000_5_2.0_chordal,val_epoch_task,val,cycle5,58,,,,,,,,,,4000,1428.0,135.0,2340.0,97.0,0.9136276391554703,0.9363934426229508,0.9248704314231873,0.9248704314231873,0.9248704314231873,1525.0,0.3812499940395355
fedavg,fedavg,434|504,434|504,2,434,data_4000_5_2.0_chordal,val_epoch_task,val,cycle6,58,,,,,,,,,,4000,1009.0,303.0,2558.0,130.0,0.7690548780487805,0.8858647936786654,0.8233374357223511,0.8233374357223511,0.8233374357223511,1139.0,0.2847500145435333
fedavg,fedavg,434|504,434|504,2,504,data_2000_3_11_chordal,train_epoch,train,,58,1.0,0.1174914963170886,,,,,,,,2000,,,,,,,,,,,
fedavg,fedavg,434|504,434|504,2,504,data_2000_3_11_chordal,train_epoch,train,,58,2.0,0.1275810822546482,,,,,,,,2000,,,,,,,,,,,
fedavg,fedavg,434|504,434|504,2,504,data_2000_3_11_chordal,train_epoch,train,,58,3.0,0.1514508142694831,,,,,,,,2000,,,,,,,,,,,
fedavg,fedavg,434|504,434|504,2,504,data_2000_3_11_chordal,train_epoch,train,,58,4.0,0.10079001892730594,,,,,,,,2000,,,,,,,,,,,
fedavg,fedavg,434|504,434|504,2,504,data_2000_3_11_chordal,train_epoch,train,,58,5.0,0.1084332440495491,,,,,,,,2000,,,,,,,,,,,
fedavg,fedavg,434|504,434|504,2,504,data_2000_3_11_chordal,val_epoch,val,,58,,,0.12872313033044339,0.9698,0.8845000267028809,0.8284090909090909,0.8513463139533997,0.8513463139533997,0.8513463139533997,2000,,,,,,,,,,,
fedavg,fedavg,434|504,434|504,2,504,data_2000_3_11_chordal,val_epoch_task,val,cycle2,58,,,,,,,,,,2000,82.0,8.0,1910.0,0.0,0.9111111111111111,1.0,0.9534883499145508,0.9534883499145508,0.9534883499145508,82.0,0.04100000113248825
fedavg,fedavg,434|504,434|504,2,504,data_2000_3_11_chordal,val_epoch_task,val,cycle3,58,,,,,,,,,,2000,128.0,36.0,1836.0,0.0,0.7804878048780488,1.0,0.8767123222351074,0.8767123222351074,0.8767123222351074,128.0,0.06400000303983688
fedavg,fedavg,434|504,434|504,2,504,data_2000_3_11_chordal,val_epoch_task,val,cycle4,58,,,,,,,,,,2000,155.0,41.0,1802.0,2.0,0.7908163265306123,0.9872611464968153,0.8781869411468506,0.8781869411468506,0.8781869411468506,157.0,0.07850000262260437
fedavg,fedavg,434|504,434|504,2,504,data_2000_3_11_chordal,val_epoch_task,val,cycle5,58,,,,,,,,,,2000,184.0,78.0,1735.0,3.0,0.7022900763358778,0.983957219251337,0.8195990920066833,0.8195990920066833,0.8195990920066833,187.0,0.09350000321865082
fedavg,fedavg,434|504,434|504,2,504,data_2000_3_11_chordal,val_epoch_task,val,cycle6,58,,,,,,,,,,2000,180.0,131.0,1686.0,3.0,0.5787781350482315,0.9836065573770492,0.7287449240684509,0.7287449240684509,0.7287449240684509,183.0,0.09149999916553497
fedavg,fedavg,434|504,434|504,2,434,data_4000_5_2.0_chordal,global_val_client,val,,58,,,0.1645655858516693,0.9433,0.778249979019165,0.9362921348314606,0.9264105558395386,0.9264105558395386,0.9264105558395386,4000,,,,,,,,,,,
fedavg,fedavg,434|504,434|504,2,434,data_4000_5_2.0_chordal,global_val_client_task,val,cycle2,58,,,,,,,,,,4000,1986.0,10.0,2004.0,0.0,0.9949899799599199,1.0,0.9974886775016785,0.9974886775016785,0.9974886775016785,1986.0,0.4964999854564667
fedavg,fedavg,434|504,434|504,2,434,data_4000_5_2.0_chordal,global_val_client_task,val,cycle3,58,,,,,,,,,,4000,1987.0,30.0,1983.0,0.0,0.985126425384234,1.0,0.9925074577331543,0.9925074577331543,0.9925074577331543,1987.0,0.49674999713897705
fedavg,fedavg,434|504,434|504,2,434,data_4000_5_2.0_chordal,global_val_client_task,val,cycle4,58,,,,,,,,,,4000,1757.0,144.0,2093.0,6.0,0.9242503945291951,0.996596710153148,0.9590610861778259,0.9590610861778259,0.9590610861778259,1763.0,0.44075000286102295
fedavg,fedavg,434|504,434|504,2,434,data_4000_5_2.0_chordal,global_val_client_task,val,cycle5,58,,,,,,,,,,4000,1502.0,309.0,2166.0,23.0,0.8293760353395914,0.9849180327868853,0.9004796147346497,0.9004796147346497,0.9004796147346497,1525.0,0.3812499940395355
fedavg,fedavg,434|504,434|504,2,434,data_4000_5_2.0_chordal,global_val_client_task,val,cycle6,58,,,,,,,,,,4000,1101.0,574.0,2287.0,38.0,0.6573134328358209,0.9666374012291484,0.7825160026550293,0.7825160026550293,0.7825160026550293,1139.0,0.2847500145435333
fedavg,fedavg,434|504,434|504,2,504,data_2000_3_11_chordal,global_val_client,val,,58,,,0.12319596648216248,0.9846,0.9369999766349792,0.9022842639593909,0.9164623022079468,0.9164623022079468,0.9164623022079468,2000,,,,,,,,,,,
fedavg,fedavg,434|504,434|504,2,504,data_2000_3_11_chordal,global_val_client_task,val,cycle2,58,,,,,,,,,,2000,82.0,3.0,1915.0,0.0,0.9647058823529412,1.0,0.9820358753204346,0.9820358753204346,0.9820358753204346,82.0,0.04100000113248825
fedavg,fedavg,434|504,434|504,2,504,data_2000_3_11_chordal,global_val_client_task,val,cycle3,58,,,,,,,,,,2000,128.0,12.0,1860.0,0.0,0.9142857142857143,1.0,0.9552239179611206,0.9552239179611206,0.9552239179611206,128.0,0.06400000303983688
fedavg,fedavg,434|504,434|504,2,504,data_2000_3_11_chordal,global_val_client_task,val,cycle4,58,,,,,,,,,,2000,157.0,19.0,1824.0,0.0,0.8920454545454546,1.0,0.9429429173469543,0.9429429173469543,0.9429429173469543,157.0,0.07850000262260437
fedavg,fedavg,434|504,434|504,2,504,data_2000_3_11_chordal,global_val_client_task,val,cycle5,58,,,,,,,,,,2000,180.0,44.0,1769.0,7.0,0.8035714285714286,0.9625668449197861,0.8759123682975769,0.8759123682975769,0.8759123682975769,187.0,0.09350000321865082
fedavg,fedavg,434|504,434|504,2,504,data_2000_3_11_chordal,global_val_client_task,val,cycle6,58,,,,,,,,,,2000,164.0,50.0,1767.0,19.0,0.7663551401869159,0.8961748633879781,0.8261964917182922,0.8261964917182922,0.8261964917182922,183.0,0.09149999916553497
fedavg,fedavg,434|504,434|504,2,all,all,global_val_mean,val,,58,,,0.15077571272850038,0.9570666666666667,0.8311666448911031,0.924956177874104,0.9230944712956747,0.9230944712956747,0.9230944712956747,6000,,,,,,,,,,,
fedavg,fedavg,434|504,434|504,2,434,data_4000_5_2.0_chordal,train_epoch,train,,59,1.0,0.06889550051093102,,,,,,,,4000,,,,,,,,,,,
fedavg,fedavg,434|504,434|504,2,434,data_4000_5_2.0_chordal,train_epoch,train,,59,2.0,0.059933965295553206,,,,,,,,4000,,,,,,,,,,,
fedavg,fedavg,434|504,434|504,2,434,data_4000_5_2.0_chordal,train_epoch,train,,59,3.0,0.06374749858677388,,,,,,,,4000,,,,,,,,,,,
fedavg,fedavg,434|504,434|504,2,434,data_4000_5_2.0_chordal,train_epoch,train,,59,4.0,0.06905444645881653,,,,,,,,4000,,,,,,,,,,,
fedavg,fedavg,434|504,434|504,2,434,data_4000_5_2.0_chordal,train_epoch,train,,59,5.0,0.06610926148295403,,,,,,,,4000,,,,,,,,,,,
fedavg,fedavg,434|504,434|504,2,434,data_4000_5_2.0_chordal,val_epoch,val,,59,,,0.12266820999979973,0.96495,0.8525000214576721,0.9589842607220174,0.9490334391593933,0.9490334391593933,0.9490334391593933,4000,,,,,,,,,,,
fedavg,fedavg,434|504,434|504,2,434,data_4000_5_2.0_chordal,val_epoch_task,val,cycle2,59,,,,,,,,,,4000,1984.0,4.0,2010.0,2.0,0.9979879275653923,0.998992950654582,0.9984902143478394,0.9984902143478394,0.9984902143478394,1986.0,0.4964999854564667
fedavg,fedavg,434|504,434|504,2,434,data_4000_5_2.0_chordal,val_epoch_task,val,cycle3,59,,,,,,,,,,4000,1980.0,11.0,2002.0,7.0,0.994475138121547,0.9964771011575239,0.995475172996521,0.995475172996521,0.995475172996521,1987.0,0.49674999713897705
fedavg,fedavg,434|504,434|504,2,434,data_4000_5_2.0_chordal,val_epoch_task,val,cycle4,59,,,,,,,,,,4000,1744.0,32.0,2205.0,19.0,0.9819819819819819,0.9892229154849688,0.9855891466140747,0.9855891466140747,0.9855891466140747,1763.0,0.44075000286102295
fedavg,fedavg,434|504,434|504,2,434,data_4000_5_2.0_chordal,val_epoch_task,val,cycle5,59,,,,,,,,,,4000,1447.0,130.0,2345.0,78.0,0.9175649968294229,0.9488524590163935,0.9329465627670288,0.9329465627670288,0.9329465627670288,1525.0,0.3812499940395355
fedavg,fedavg,434|504,434|504,2,434,data_4000_5_2.0_chordal,val_epoch_task,val,cycle6,59,,,,,,,,,,4000,1040.0,319.0,2542.0,99.0,0.7652685798381162,0.913081650570676,0.8326661586761475,0.8326661586761475,0.8326661586761475,1139.0,0.2847500145435333
fedavg,fedavg,434|504,434|504,2,504,data_2000_3_11_chordal,train_epoch,train,,59,1.0,0.16473228193074466,,,,,,,,2000,,,,,,,,,,,
fedavg,fedavg,434|504,434|504,2,504,data_2000_3_11_chordal,train_epoch,train,,59,2.0,0.10584238995239138,,,,,,,,2000,,,,,,,,,,,
fedavg,fedavg,434|504,434|504,2,504,data_2000_3_11_chordal,train_epoch,train,,59,3.0,0.11170431840419769,,,,,,,,2000,,,,,,,,,,,
fedavg,fedavg,434|504,434|504,2,504,data_2000_3_11_chordal,train_epoch,train,,59,4.0,0.09758473145961762,,,,,,,,2000,,,,,,,,,,,
fedavg,fedavg,434|504,434|504,2,504,data_2000_3_11_chordal,train_epoch,train,,59,5.0,0.11181750689446926,,,,,,,,2000,,,,,,,,,,,
fedavg,fedavg,434|504,434|504,2,504,data_2000_3_11_chordal,val_epoch,val,,59,,,0.1551244111061096,0.9636,0.8610000014305115,0.8004385964912281,0.8268548846244812,0.8268548846244812,0.8268548846244812,2000,,,,,,,,,,,
fedavg,fedavg,434|504,434|504,2,504,data_2000_3_11_chordal,val_epoch_task,val,cycle2,59,,,,,,,,,,2000,80.0,16.0,1902.0,2.0,0.8333333333333334,0.975609756097561,0.898876428604126,0.898876428604126,0.898876428604126,82.0,0.04100000113248825
fedavg,fedavg,434|504,434|504,2,504,data_2000_3_11_chordal,val_epoch_task,val,cycle3,59,,,,,,,,,,2000,126.0,20.0,1852.0,2.0,0.863013698630137,0.984375,0.9197079539299011,0.9197079539299011,0.9197079539299011,128.0,0.06400000303983688
fedavg,fedavg,434|504,434|504,2,504,data_2000_3_11_chordal,val_epoch_task,val,cycle4,59,,,,,,,,,,2000,157.0,73.0,1770.0,0.0,0.6826086956521739,1.0,0.8113695383071899,0.8113695383071899,0.8113695383071899,157.0,0.07850000262260437
fedavg,fedavg,434|504,434|504,2,504,data_2000_3_11_chordal,val_epoch_task,val,cycle5,59,,,,,,,,,,2000,185.0,75.0,1738.0,2.0,0.7115384615384616,0.9893048128342246,0.8277404308319092,0.8277404308319092,0.8277404308319092,187.0,0.09350000321865082
fedavg,fedavg,434|504,434|504,2,504,data_2000_3_11_chordal,val_epoch_task,val,cycle6,59,,,,,,,,,,2000,182.0,173.0,1644.0,1.0,0.5126760563380282,0.994535519125683,0.6765798926353455,0.6765798926353455,0.6765798926353455,183.0,0.09149999916553497
fedavg,fedavg,434|504,434|504,2,434,data_4000_5_2.0_chordal,global_val_client,val,,59,,,0.16698796153068543,0.943,0.7712500095367432,0.9361845051500223,0.9265810251235962,0.9265810251235962,0.9265810251235962,4000,,,,,,,,,,,
fedavg,fedavg,434|504,434|504,2,434,data_4000_5_2.0_chordal,global_val_client_task,val,cycle2,59,,,,,,,,,,4000,1986.0,8.0,2006.0,0.0,0.995987963891675,1.0,0.9979899525642395,0.9979899525642395,0.9979899525642395,1986.0,0.4964999854564667
fedavg,fedavg,434|504,434|504,2,434,data_4000_5_2.0_chordal,global_val_client_task,val,cycle3,59,,,,,,,,,,4000,1986.0,9.0,2004.0,1.0,0.9954887218045113,0.9994967287367891,0.9974886775016785,0.9974886775016785,0.9974886775016785,1987.0,0.49674999713897705
fedavg,fedavg,434|504,434|504,2,434,data_4000_5_2.0_chordal,global_val_client_task,val,cycle4,59,,,,,,,,,,4000,1757.0,98.0,2139.0,6.0,0.9471698113207547,0.996596710153148,0.9712547659873962,0.9712547659873962,0.9712547659873962,1763.0,0.44075000286102295
fedavg,fedavg,434|504,434|504,2,434,data_4000_5_2.0_chordal,global_val_client_task,val,cycle5,59,,,,,,,,,,4000,1518.0,325.0,2150.0,7.0,0.8236570808464461,0.9954098360655738,0.9014251232147217,0.9014251232147217,0.9014251232147217,1525.0,0.3812499940395355
fedavg,fedavg,434|504,434|504,2,434,data_4000_5_2.0_chordal,global_val_client_task,val,cycle6,59,,,,,,,,,,4000,1115.0,662.0,2199.0,24.0,0.6274620146314013,0.9789288849868305,0.7647462487220764,0.7647462487220764,0.7647462487220764,1139.0,0.2847500145435333
fedavg,fedavg,434|504,434|504,2,504,data_2000_3_11_chordal,global_val_client,val,,59,,,0.15047118316194974,0.9819,0.9269999861717224,0.8876474239602731,0.8988726735115051,0.8988726735115051,0.8988726735115051,2000,,,,,,,,,,,
fedavg,fedavg,434|504,434|504,2,504,data_2000_3_11_chordal,global_val_client_task,val,cycle2,59,,,,,,,,,,2000,82.0,15.0,1903.0,0.0,0.845360824742268,1.0,0.916201114654541,0.916201114654541,0.916201114654541,82.0,0.04100000113248825
fedavg,fedavg,434|504,434|504,2,504,data_2000_3_11_chordal,global_val_client_task,val,cycle3,59,,,,,,,,,,2000,128.0,10.0,1862.0,0.0,0.927536231884058,1.0,0.9624060392379761,0.9624060392379761,0.9624060392379761,128.0,0.06400000303983688
fedavg,fedavg,434|504,434|504,2,504,data_2000_3_11_chordal,global_val_client_task,val,cycle4,59,,,,,,,,,,2000,150.0,14.0,1829.0,7.0,0.9146341463414634,0.9554140127388535,0.9345794320106506,0.9345794320106506,0.9345794320106506,157.0,0.07850000262260437
fedavg,fedavg,434|504,434|504,2,504,data_2000_3_11_chordal,global_val_client_task,val,cycle5,59,,,,,,,,,,2000,185.0,47.0,1766.0,2.0,0.7974137931034483,0.9893048128342246,0.8830549120903015,0.8830549120903015,0.8830549120903015,187.0,0.09350000321865082
fedavg,fedavg,434|504,434|504,2,504,data_2000_3_11_chordal,global_val_client_task,val,cycle6,59,,,,,,,,,,2000,170.0,73.0,1744.0,13.0,0.6995884773662552,0.9289617486338798,0.7981220483779907,0.7981220483779907,0.7981220483779907,183.0,0.09149999916553497
fedavg,fedavg,434|504,434|504,2,all,all,global_val_mean,val,,59,,,0.16148236874110686,0.9559666666666667,0.8231666684150696,0.9200054780867725,0.9173449079195658,0.9173449079195658,0.9173449079195658,6000,,,,,,,,,,,
fedavg,fedavg,434|504,434|504,2,434,data_4000_5_2.0_chordal,train_epoch,train,,60,1.0,0.06483936670422553,,,,,,,,4000,,,,,,,,,,,
fedavg,fedavg,434|504,434|504,2,434,data_4000_5_2.0_chordal,train_epoch,train,,60,2.0,0.06530898235738278,,,,,,,,4000,,,,,,,,,,,
fedavg,fedavg,434|504,434|504,2,434,data_4000_5_2.0_chordal,train_epoch,train,,60,3.0,0.0645509017109871,,,,,,,,4000,,,,,,,,,,,
fedavg,fedavg,434|504,434|504,2,434,data_4000_5_2.0_chordal,train_epoch,train,,60,4.0,0.06119591471552849,,,,,,,,4000,,,,,,,,,,,
fedavg,fedavg,434|504,434|504,2,434,data_4000_5_2.0_chordal,train_epoch,train,,60,5.0,0.0602763399630785,,,,,,,,4000,,,,,,,,,,,
fedavg,fedavg,434|504,434|504,2,434,data_4000_5_2.0_chordal,val_epoch,val,,60,,,0.12821354657411577,0.96345,0.8464999794960022,0.9569974704394376,0.945898175239563,0.945898175239563,0.945898175239563,4000,,,,,,,,,,,
fedavg,fedavg,434|504,434|504,2,434,data_4000_5_2.0_chordal,val_epoch_task,val,cycle2,60,,,,,,,,,,4000,1986.0,4.0,2010.0,0.0,0.9979899497487437,1.0,0.998993992805481,0.998993992805481,0.998993992805481,1986.0,0.4964999854564667
fedavg,fedavg,434|504,434|504,2,434,data_4000_5_2.0_chordal,val_epoch_task,val,cycle3,60,,,,,,,,,,4000,1987.0,22.0,1991.0,0.0,0.9890492782478845,1.0,0.9944944977760315,0.9944944977760315,0.9944944977760315,1987.0,0.49674999713897705
fedavg,fedavg,434|504,434|504,2,434,data_4000_5_2.0_chordal,val_epoch_task,val,cycle4,60,,,,,,,,,,4000,1745.0,61.0,2176.0,18.0,0.9662236987818383,0.9897901304594441,0.9778649806976318,0.9778649806976318,0.9778649806976318,1763.0,0.44075000286102295
fedavg,fedavg,434|504,434|504,2,434,data_4000_5_2.0_chordal,val_epoch_task,val,cycle5,60,,,,,,,,,,4000,1441.0,160.0,2315.0,84.0,0.9000624609618988,0.9449180327868852,0.9219449162483215,0.9219449162483215,0.9219449162483215,1525.0,0.3812499940395355
fedavg,fedavg,434|504,434|504,2,434,data_4000_5_2.0_chordal,val_epoch_task,val,cycle6,60,,,,,,,,,,4000,975.0,218.0,2643.0,164.0,0.8172673931265717,0.8560140474100087,0.8361921906471252,0.8361921906471252,0.8361921906471252,1139.0,0.2847500145435333
fedavg,fedavg,434|504,434|504,2,504,data_2000_3_11_chordal,train_epoch,train,,60,1.0,0.10219856494665146,,,,,,,,2000,,,,,,,,,,,
fedavg,fedavg,434|504,434|504,2,504,data_2000_3_11_chordal,train_epoch,train,,60,2.0,0.08556120464205742,,,,,,,,2000,,,,,,,,,,,
fedavg,fedavg,434|504,434|504,2,504,data_2000_3_11_chordal,train_epoch,train,,60,3.0,0.0972049661576748,,,,,,,,2000,,,,,,,,,,,
fedavg,fedavg,434|504,434|504,2,504,data_2000_3_11_chordal,train_epoch,train,,60,4.0,0.15307127767801285,,,,,,,,2000,,,,,,,,,,,
fedavg,fedavg,434|504,434|504,2,504,data_2000_3_11_chordal,train_epoch,train,,60,5.0,0.1084312484189868,,,,,,,,2000,,,,,,,,,,,
fedavg,fedavg,434|504,434|504,2,504,data_2000_3_11_chordal,val_epoch,val,,60,,,0.13104625882208348,0.9767,0.9070000052452087,0.8623744831659776,0.8830461502075195,0.8830461502075195,0.8830461502075195,2000,,,,,,,,,,,
fedavg,fedavg,434|504,434|504,2,504,data_2000_3_11_chordal,val_epoch_task,val,cycle2,60,,,,,,,,,,2000,82.0,6.0,1912.0,0.0,0.9318181818181818,1.0,0.9647058844566345,0.9647058844566345,0.9647058844566345,82.0,0.04100000113248825
fedavg,fedavg,434|504,434|504,2,504,data_2000_3_11_chordal,val_epoch_task,val,cycle3,60,,,,,,,,,,2000,124.0,15.0,1857.0,4.0,0.8920863309352518,0.96875,0.9288389682769775,0.9288389682769775,0.9288389682769775,128.0,0.06400000303983688
fedavg,fedavg,434|504,434|504,2,504,data_2000_3_11_chordal,val_epoch_task,val,cycle4,60,,,,,,,,,,2000,157.0,40.0,1803.0,0.0,0.7969543147208121,1.0,0.887005627155304,0.887005627155304,0.887005627155304,157.0,0.07850000262260437
fedavg,fedavg,434|504,434|504,2,504,data_2000_3_11_chordal,val_epoch_task,val,cycle5,60,,,,,,,,,,2000,186.0,51.0,1762.0,1.0,0.7848101265822784,0.9946524064171123,0.8773584365844727,0.8773584365844727,0.8773584365844727,187.0,0.09350000321865082
fedavg,fedavg,434|504,434|504,2,504,data_2000_3_11_chordal,val_epoch_task,val,cycle6,60,,,,,,,,,,2000,181.0,114.0,1703.0,2.0,0.6135593220338983,0.9890710382513661,0.7573221325874329,0.7573221325874329,0.7573221325874329,183.0,0.09149999916553497
fedavg,fedavg,434|504,434|504,2,434,data_4000_5_2.0_chordal,global_val_client,val,,60,,,0.139948380112648,0.951,0.8034999966621399,0.9444192377495463,0.934727668762207,0.934727668762207,0.934727668762207,4000,,,,,,,,,,,
fedavg,fedavg,434|504,434|504,2,434,data_4000_5_2.0_chordal,global_val_client_task,val,cycle2,60,,,,,,,,,,4000,1986.0,9.0,2005.0,0.0,0.9954887218045113,1.0,0.9977392554283142,0.9977392554283142,0.9977392554283142,1986.0,0.4964999854564667
fedavg,fedavg,434|504,434|504,2,434,data_4000_5_2.0_chordal,global_val_client_task,val,cycle3,60,,,,,,,,,,4000,1987.0,13.0,2000.0,0.0,0.9935,1.0,0.996739387512207,0.996739387512207,0.996739387512207,1987.0,0.49674999713897705
fedavg,fedavg,434|504,434|504,2,434,data_4000_5_2.0_chordal,global_val_client_task,val,cycle4,60,,,,,,,,,,4000,1755.0,103.0,2134.0,8.0,0.9445640473627557,0.9954622802041974,0.9693455100059509,0.9693455100059509,0.9693455100059509,1763.0,0.44075000286102295
fedavg,fedavg,434|504,434|504,2,434,data_4000_5_2.0_chordal,global_val_client_task,val,cycle5,60,,,,,,,,,,4000,1502.0,293.0,2182.0,23.0,0.8367688022284122,0.9849180327868853,0.9048193097114563,0.9048193097114563,0.9048193097114563,1525.0,0.3812499940395355
fedavg,fedavg,434|504,434|504,2,434,data_4000_5_2.0_chordal,global_val_client_task,val,cycle6,60,,,,,,,,,,4000,1096.0,488.0,2373.0,43.0,0.6919191919191919,0.9622475856014048,0.804994523525238,0.804994523525238,0.804994523525238,1139.0,0.2847500145435333
fedavg,fedavg,434|504,434|504,2,504,data_2000_3_11_chordal,global_val_client,val,,60,,,0.11052638510987163,0.9853,0.9359999895095825,0.9073724007561436,0.921258807182312,0.921258807182312,0.921258807182312,2000,,,,,,,,,,,
fedavg,fedavg,434|504,434|504,2,504,data_2000_3_11_chordal,global_val_client_task,val,cycle2,60,,,,,,,,,,2000,82.0,5.0,1913.0,0.0,0.9425287356321839,1.0,0.9704142212867737,0.9704142212867737,0.9704142212867737,82.0,0.04100000113248825
fedavg,fedavg,434|504,434|504,2,504,data_2000_3_11_chordal,global_val_client_task,val,cycle3,60,,,,,,,,,,2000,128.0,9.0,1863.0,0.0,0.9343065693430657,1.0,0.9660376906394958,0.9660376906394958,0.9660376906394958,128.0,0.06400000303983688
fedavg,fedavg,434|504,434|504,2,504,data_2000_3_11_chordal,global_val_client_task,val,cycle4,60,,,,,,,,,,2000,155.0,12.0,1831.0,2.0,0.9281437125748503,0.9872611464968153,0.9567901492118835,0.9567901492118835,0.9567901492118835,157.0,0.07850000262260437
fedavg,fedavg,434|504,434|504,2,504,data_2000_3_11_chordal,global_val_client_task,val,cycle5,60,,,,,,,,,,2000,181.0,45.0,1768.0,6.0,0.8008849557522124,0.9679144385026738,0.8765133619308472,0.8765133619308472,0.8765133619308472,187.0,0.09350000321865082
fedavg,fedavg,434|504,434|504,2,504,data_2000_3_11_chordal,global_val_client_task,val,cycle6,60,,,,,,,,,,2000,174.0,59.0,1758.0,9.0,0.7467811158798283,0.9508196721311475,0.8365384340286255,0.8365384340286255,0.8365384340286255,183.0,0.09149999916553497
fedavg,fedavg,434|504,434|504,2,all,all,global_val_mean,val,,60,,,0.1301410484450559,0.9624333333333334,0.8476666609446207,0.9320702920850787,0.9302380482355753,0.9302380482355753,0.9302380482355753,6000,,,,,,,,,,,
fedavg,fedavg,434|504,434|504,2,434,data_4000_5_2.0_chordal,train_epoch,train,,61,1.0,0.05949196400493383,,,,,,,,4000,,,,,,,,,,,
fedavg,fedavg,434|504,434|504,2,434,data_4000_5_2.0_chordal,train_epoch,train,,61,2.0,0.057850542537868026,,,,,,,,4000,,,,,,,,,,,
fedavg,fedavg,434|504,434|504,2,434,data_4000_5_2.0_chordal,train_epoch,train,,61,3.0,0.06067138171195984,,,,,,,,4000,,,,,,,,,,,
fedavg,fedavg,434|504,434|504,2,434,data_4000_5_2.0_chordal,train_epoch,train,,61,4.0,0.05994065824151039,,,,,,,,4000,,,,,,,,,,,
fedavg,fedavg,434|504,434|504,2,434,data_4000_5_2.0_chordal,train_epoch,train,,61,5.0,0.06366490116715431,,,,,,,,4000,,,,,,,,,,,
fedavg,fedavg,434|504,434|504,2,434,data_4000_5_2.0_chordal,val_epoch,val,,61,,,0.12967810833454133,0.96205,0.8399999737739563,0.9553240331979516,0.9446760416030884,0.9446760416030884,0.9446760416030884,4000,,,,,,,,,,,
fedavg,fedavg,434|504,434|504,2,434,data_4000_5_2.0_chordal,val_epoch_task,val,cycle2,61,,,,,,,,,,4000,1984.0,4.0,2010.0,2.0,0.9979879275653923,0.998992950654582,0.9984902143478394,0.9984902143478394,0.9984902143478394,1986.0,0.4964999854564667
fedavg,fedavg,434|504,434|504,2,434,data_4000_5_2.0_chordal,val_epoch_task,val,cycle3,61,,,,,,,,,,4000,1968.0,20.0,1993.0,19.0,0.9899396378269618,0.9904378459989934,0.990188717842102,0.990188717842102,0.990188717842102,1987.0,0.49674999713897705
fedavg,fedavg,434|504,434|504,2,434,data_4000_5_2.0_chordal,val_epoch_task,val,cycle4,61,,,,,,,,,,4000,1720.0,27.0,2210.0,43.0,0.9845449341728678,0.975609756097561,0.9800569415092468,0.9800569415092468,0.9800569415092468,1763.0,0.44075000286102295
fedavg,fedavg,434|504,434|504,2,434,data_4000_5_2.0_chordal,val_epoch_task,val,cycle5,61,,,,,,,,,,4000,1439.0,134.0,2341.0,86.0,0.9148124602670057,0.9436065573770491,0.9289864301681519,0.9289864301681519,0.9289864301681519,1525.0,0.3812499940395355
fedavg,fedavg,434|504,434|504,2,434,data_4000_5_2.0_chordal,val_epoch_task,val,cycle6,61,,,,,,,,,,4000,1004.0,289.0,2572.0,135.0,0.7764887857695282,0.8814749780509219,0.8256579041481018,0.8256579041481018,0.8256579041481018,1139.0,0.2847500145435333
fedavg,fedavg,434|504,434|504,2,504,data_2000_3_11_chordal,train_epoch,train,,61,1.0,0.10883849340304733,,,,,,,,2000,,,,,,,,,,,
fedavg,fedavg,434|504,434|504,2,504,data_2000_3_11_chordal,train_epoch,train,,61,2.0,0.10253630873560905,,,,,,,,2000,,,,,,,,,,,
fedavg,fedavg,434|504,434|504,2,504,data_2000_3_11_chordal,train_epoch,train,,61,3.0,0.11658201462030411,,,,,,,,2000,,,,,,,,,,,
fedavg,fedavg,434|504,434|504,2,504,data_2000_3_11_chordal,train_epoch,train,,61,4.0,0.11183276542555541,,,,,,,,2000,,,,,,,,,,,
fedavg,fedavg,434|504,434|504,2,504,data_2000_3_11_chordal,train_epoch,train,,61,5.0,0.10400376131385565,,,,,,,,2000,,,,,,,,,,,
fedavg,fedavg,434|504,434|504,2,504,data_2000_3_11_chordal,val_epoch,val,,61,,,0.1596633266210556,0.9766,0.9070000052452087,0.8588661037394453,0.878962516784668,0.878962516784668,0.878962516784668,2000,,,,,,,,,,,
fedavg,fedavg,434|504,434|504,2,504,data_2000_3_11_chordal,val_epoch_task,val,cycle2,61,,,,,,,,,,2000,82.0,3.0,1915.0,0.0,0.9647058823529412,1.0,0.9820358753204346,0.9820358753204346,0.9820358753204346,82.0,0.04100000113248825
fedavg,fedavg,434|504,434|504,2,504,data_2000_3_11_chordal,val_epoch_task,val,cycle3,61,,,,,,,,,,2000,128.0,32.0,1840.0,0.0,0.8,1.0,0.888888955116272,0.888888955116272,0.888888955116272,128.0,0.06400000303983688
fedavg,fedavg,434|504,434|504,2,504,data_2000_3_11_chordal,val_epoch_task,val,cycle4,61,,,,,,,,,,2000,154.0,34.0,1809.0,3.0,0.8191489361702128,0.9808917197452229,0.8927536010742188,0.8927536010742188,0.8927536010742188,157.0,0.07850000262260437
fedavg,fedavg,434|504,434|504,2,504,data_2000_3_11_chordal,val_epoch_task,val,cycle5,61,,,,,,,,,,2000,181.0,37.0,1776.0,6.0,0.8302752293577982,0.9679144385026738,0.8938271999359131,0.8938271999359131,0.8938271999359131,187.0,0.09350000321865082
fedavg,fedavg,434|504,434|504,2,504,data_2000_3_11_chordal,val_epoch_task,val,cycle6,61,,,,,,,,,,2000,167.0,103.0,1714.0,16.0,0.6185185185185185,0.912568306010929,0.7373068332672119,0.7373068332672119,0.7373068332672119,183.0,0.09149999916553497
fedavg,fedavg,434|504,434|504,2,434,data_4000_5_2.0_chordal,global_val_client,val,,61,,,0.13309209829568863,0.9541,0.8144999742507935,0.9475788031064413,0.9375176429748535,0.9375176429748535,0.9375176429748535,4000,,,,,,,,,,,
fedavg,fedavg,434|504,434|504,2,434,data_4000_5_2.0_chordal,global_val_client_task,val,cycle2,61,,,,,,,,,,4000,1986.0,7.0,2007.0,0.0,0.9964877069744105,1.0,0.9982407689094543,0.9982407689094543,0.9982407689094543,1986.0,0.4964999854564667
fedavg,fedavg,434|504,434|504,2,434,data_4000_5_2.0_chordal,global_val_client_task,val,cycle3,61,,,,,,,,,,4000,1986.0,20.0,1993.0,1.0,0.9900299102691924,0.9994967287367891,0.9947407841682434,0.9947407841682434,0.9947407841682434,1987.0,0.49674999713897705
fedavg,fedavg,434|504,434|504,2,434,data_4000_5_2.0_chordal,global_val_client_task,val,cycle4,61,,,,,,,,,,4000,1755.0,78.0,2159.0,8.0,0.9574468085106383,0.9954622802041974,0.9760845899581909,0.9760845899581909,0.9760845899581909,1763.0,0.44075000286102295
fedavg,fedavg,434|504,434|504,2,434,data_4000_5_2.0_chordal,global_val_client_task,val,cycle5,61,,,,,,,,,,4000,1495.0,255.0,2220.0,30.0,0.8542857142857143,0.980327868852459,0.9129770994186401,0.9129770994186401,0.9129770994186401,1525.0,0.3812499940395355
fedavg,fedavg,434|504,434|504,2,434,data_4000_5_2.0_chordal,global_val_client_task,val,cycle6,61,,,,,,,,,,4000,1075.0,455.0,2406.0,64.0,0.7026143790849673,0.9438103599648815,0.8055450916290283,0.8055450916290283,0.8055450916290283,1139.0,0.2847500145435333
fedavg,fedavg,434|504,434|504,2,504,data_2000_3_11_chordal,global_val_client,val,,61,,,0.12761124101281165,0.9854,0.9394999742507935,0.9071246819338422,0.9200246930122375,0.9200246930122375,0.9200246930122375,2000,,,,,,,,,,,
fedavg,fedavg,434|504,434|504,2,504,data_2000_3_11_chordal,global_val_client_task,val,cycle2,61,,,,,,,,,,2000,82.0,4.0,1914.0,0.0,0.9534883720930233,1.0,0.976190447807312,0.976190447807312,0.976190447807312,82.0,0.04100000113248825
fedavg,fedavg,434|504,434|504,2,504,data_2000_3_11_chordal,global_val_client_task,val,cycle3,61,,,,,,,,,,2000,128.0,13.0,1859.0,0.0,0.9078014184397163,1.0,0.9516728520393372,0.9516728520393372,0.9516728520393372,128.0,0.06400000303983688
fedavg,fedavg,434|504,434|504,2,504,data_2000_3_11_chordal,global_val_client_task,val,cycle4,61,,,,,,,,,,2000,155.0,13.0,1830.0,2.0,0.9226190476190477,0.9872611464968153,0.9538462162017822,0.9538462162017822,0.9538462162017822,157.0,0.07850000262260437
fedavg,fedavg,434|504,434|504,2,504,data_2000_3_11_chordal,global_val_client_task,val,cycle5,61,,,,,,,,,,2000,177.0,43.0,1770.0,10.0,0.8045454545454546,0.946524064171123,0.8697788715362549,0.8697788715362549,0.8697788715362549,187.0,0.09350000321865082
fedavg,fedavg,434|504,434|504,2,504,data_2000_3_11_chordal,global_val_client_task,val,cycle6,61,,,,,,,,,,2000,171.0,49.0,1768.0,12.0,0.7772727272727272,0.9344262295081968,0.848635196685791,0.848635196685791,0.848635196685791,183.0,0.09149999916553497
fedavg,fedavg,434|504,434|504,2,all,all,global_val_mean,val,,61,,,0.13126514586806298,0.9645333333333334,0.8561666409174601,0.9340940960489081,0.9316866596539816,0.9316866596539816,0.9316866596539816,6000,,,,,,,,,,,
fedavg,fedavg,434|504,434|504,2,434,data_4000_5_2.0_chordal,train_epoch,train,,62,1.0,0.06045725700259209,,,,,,,,4000,,,,,,,,,,,
fedavg,fedavg,434|504,434|504,2,434,data_4000_5_2.0_chordal,train_epoch,train,,62,2.0,0.06069384244084358,,,,,,,,4000,,,,,,,,,,,
fedavg,fedavg,434|504,434|504,2,434,data_4000_5_2.0_chordal,train_epoch,train,,62,3.0,0.054111704364418985,,,,,,,,4000,,,,,,,,,,,
fedavg,fedavg,434|504,434|504,2,434,data_4000_5_2.0_chordal,train_epoch,train,,62,4.0,0.05925423453748226,,,,,,,,4000,,,,,,,,,,,
fedavg,fedavg,434|504,434|504,2,434,data_4000_5_2.0_chordal,train_epoch,train,,62,5.0,0.06438393943011761,,,,,,,,4000,,,,,,,,,,,
fedavg,fedavg,434|504,434|504,2,434,data_4000_5_2.0_chordal,val_epoch,val,,62,,,0.15982672756910324,0.96055,0.8357499837875366,0.9523521951808684,0.9366313219070435,0.9366313219070435,0.9366313219070435,4000,,,,,,,,,,,
fedavg,fedavg,434|504,434|504,2,434,data_4000_5_2.0_chordal,val_epoch_task,val,cycle2,62,,,,,,,,,,4000,1985.0,8.0,2006.0,1.0,0.9959859508278976,0.999496475327291,0.9977380633354187,0.9977380633354187,0.9977380633354187,1986.0,0.4964999854564667
fedavg,fedavg,434|504,434|504,2,434,data_4000_5_2.0_chordal,val_epoch_task,val,cycle3,62,,,,,,,,,,4000,1987.0,23.0,1990.0,0.0,0.9885572139303482,1.0,0.994245707988739,0.994245707988739,0.994245707988739,1987.0,0.49674999713897705
fedavg,fedavg,434|504,434|504,2,434,data_4000_5_2.0_chordal,val_epoch_task,val,cycle4,62,,,,,,,,,,4000,1733.0,37.0,2200.0,30.0,0.9790960451977401,0.9829835507657402,0.9810360074043274,0.9810360074043274,0.9810360074043274,1763.0,0.44075000286102295
fedavg,fedavg,434|504,434|504,2,434,data_4000_5_2.0_chordal,val_epoch_task,val,cycle5,62,,,,,,,,,,4000,1329.0,78.0,2397.0,196.0,0.9445628997867804,0.8714754098360655,0.9065483808517456,0.9065483808517456,0.9065483808517456,1525.0,0.3812499940395355
fedavg,fedavg,434|504,434|504,2,434,data_4000_5_2.0_chordal,val_epoch_task,val,cycle6,62,,,,,,,,,,4000,851.0,128.0,2733.0,288.0,0.8692543411644535,0.7471466198419666,0.8035882711410522,0.8035882711410522,0.8035882711410522,1139.0,0.2847500145435333
fedavg,fedavg,434|504,434|504,2,504,data_2000_3_11_chordal,train_epoch,train,,62,1.0,0.12018011063337326,,,,,,,,2000,,,,,,,,,,,
fedavg,fedavg,434|504,434|504,2,504,data_2000_3_11_chordal,train_epoch,train,,62,2.0,0.11268805555999278,,,,,,,,2000,,,,,,,,,,,
fedavg,fedavg,434|504,434|504,2,504,data_2000_3_11_chordal,train_epoch,train,,62,3.0,0.09429755143821239,,,,,,,,2000,,,,,,,,,,,
fedavg,fedavg,434|504,434|504,2,504,data_2000_3_11_chordal,train_epoch,train,,62,4.0,0.10302817398309708,,,,,,,,2000,,,,,,,,,,,
fedavg,fedavg,434|504,434|504,2,504,data_2000_3_11_chordal,train_epoch,train,,62,5.0,0.09865029257535934,,,,,,,,2000,,,,,,,,,,,
fedavg,fedavg,434|504,434|504,2,504,data_2000_3_11_chordal,val_epoch,val,,62,,,0.140535133138299,0.9753,0.9004999995231628,0.8534124629080119,0.881310760974884,0.881310760974884,0.881310760974884,2000,,,,,,,,,,,
fedavg,fedavg,434|504,434|504,2,504,data_2000_3_11_chordal,val_epoch_task,val,cycle2,62,,,,,,,,,,2000,82.0,6.0,1912.0,0.0,0.9318181818181818,1.0,0.9647058844566345,0.9647058844566345,0.9647058844566345,82.0,0.04100000113248825
fedavg,fedavg,434|504,434|504,2,504,data_2000_3_11_chordal,val_epoch_task,val,cycle3,62,,,,,,,,,,2000,128.0,16.0,1856.0,0.0,0.8888888888888888,1.0,0.9411765336990356,0.9411765336990356,0.9411765336990356,128.0,0.06400000303983688
fedavg,fedavg,434|504,434|504,2,504,data_2000_3_11_chordal,val_epoch_task,val,cycle4,62,,,,,,,,,,2000,153.0,14.0,1829.0,4.0,0.9161676646706587,0.9745222929936306,0.944444477558136,0.944444477558136,0.944444477558136,157.0,0.07850000262260437
fedavg,fedavg,434|504,434|504,2,504,data_2000_3_11_chordal,val_epoch_task,val,cycle5,62,,,,,,,,,,2000,177.0,64.0,1749.0,10.0,0.7344398340248963,0.946524064171123,0.827102780342102,0.827102780342102,0.827102780342102,187.0,0.09350000321865082
fedavg,fedavg,434|504,434|504,2,504,data_2000_3_11_chordal,val_epoch_task,val,cycle6,62,,,,,,,,,,2000,179.0,129.0,1688.0,4.0,0.5811688311688312,0.9781420765027322,0.7291242480278015,0.7291242480278015,0.7291242480278015,183.0,0.09149999916553497
fedavg,fedavg,434|504,434|504,2,434,data_4000_5_2.0_chordal,global_val_client,val,,62,,,0.1138938513994217,0.96185,0.8412500023841858,0.9559850014421691,0.9464020729064941,0.9464020729064941,0.9464020729064941,4000,,,,,,,,,,,
fedavg,fedavg,434|504,434|504,2,434,data_4000_5_2.0_chordal,global_val_client_task,val,cycle2,62,,,,,,,,,,4000,1986.0,6.0,2008.0,0.0,0.9969879518072289,1.0,0.9984917044639587,0.9984917044639587,0.9984917044639587,1986.0,0.4964999854564667
fedavg,fedavg,434|504,434|504,2,434,data_4000_5_2.0_chordal,global_val_client_task,val,cycle3,62,,,,,,,,,,4000,1987.0,21.0,1992.0,0.0,0.9895418326693227,1.0,0.9947434663772583,0.9947434663772583,0.9947434663772583,1987.0,0.49674999713897705
fedavg,fedavg,434|504,434|504,2,434,data_4000_5_2.0_chordal,global_val_client_task,val,cycle4,62,,,,,,,,,,4000,1758.0,65.0,2172.0,5.0,0.9643444871091608,0.9971639251276234,0.9804796576499939,0.9804796576499939,0.9804796576499939,1763.0,0.44075000286102295
fedavg,fedavg,434|504,434|504,2,434,data_4000_5_2.0_chordal,global_val_client_task,val,cycle5,62,,,,,,,,,,4000,1489.0,187.0,2288.0,36.0,0.8884248210023866,0.9763934426229508,0.9303342700004578,0.9303342700004578,0.9303342700004578,1525.0,0.3812499940395355
fedavg,fedavg,434|504,434|504,2,434,data_4000_5_2.0_chordal,global_val_client_task,val,cycle6,62,,,,,,,,,,4000,1066.0,370.0,2491.0,73.0,0.7423398328690808,0.935908691834943,0.8279611468315125,0.8279611468315125,0.8279611468315125,1139.0,0.2847500145435333
fedavg,fedavg,434|504,434|504,2,504,data_2000_3_11_chordal,global_val_client,val,,62,,,0.16441776191815735,0.9819,0.9265000224113464,0.8868042526579111,0.8988178968429565,0.8988178968429565,0.8988178968429565,2000,,,,,,,,,,,
fedavg,fedavg,434|504,434|504,2,504,data_2000_3_11_chordal,global_val_client_task,val,cycle2,62,,,,,,,,,,2000,82.0,7.0,1911.0,0.0,0.9213483146067416,1.0,0.9590643644332886,0.9590643644332886,0.9590643644332886,82.0,0.04100000113248825
fedavg,fedavg,434|504,434|504,2,504,data_2000_3_11_chordal,global_val_client_task,val,cycle3,62,,,,,,,,,,2000,128.0,19.0,1853.0,0.0,0.8707482993197279,1.0,0.9309090971946716,0.9309090971946716,0.9309090971946716,128.0,0.06400000303983688
fedavg,fedavg,434|504,434|504,2,504,data_2000_3_11_chordal,global_val_client_task,val,cycle4,62,,,,,,,,,,2000,153.0,28.0,1815.0,4.0,0.8453038674033149,0.9745222929936306,0.9053254723548889,0.9053254723548889,0.9053254723548889,157.0,0.07850000262260437
fedavg,fedavg,434|504,434|504,2,504,data_2000_3_11_chordal,global_val_client_task,val,cycle5,62,,,,,,,,,,2000,179.0,38.0,1775.0,8.0,0.8248847926267281,0.9572192513368984,0.8861386179924011,0.8861386179924011,0.8861386179924011,187.0,0.09350000321865082
fedavg,fedavg,434|504,434|504,2,504,data_2000_3_11_chordal,global_val_client_task,val,cycle6,62,,,,,,,,,,2000,167.0,61.0,1756.0,16.0,0.7324561403508771,0.912568306010929,0.812652051448822,0.812652051448822,0.812652051448822,183.0,0.09149999916553497
fedavg,fedavg,434|504,434|504,2,all,all,global_val_mean,val,,62,,,0.1307351549056669,0.9685333333333334,0.8696666757265726,0.9329247518474164,0.9305406808853149,0.9305406808853149,0.9305406808853149,6000,,,,,,,,,,,
fedavg,fedavg,434|504,434|504,2,434,data_4000_5_2.0_chordal,train_epoch,train,,63,1.0,0.0616230547875166,,,,,,,,4000,,,,,,,,,,,
fedavg,fedavg,434|504,434|504,2,434,data_4000_5_2.0_chordal,train_epoch,train,,63,2.0,0.06158736708760262,,,,,,,,4000,,,,,,,,,,,
fedavg,fedavg,434|504,434|504,2,434,data_4000_5_2.0_chordal,train_epoch,train,,63,3.0,0.061993640646338465,,,,,,,,4000,,,,,,,,,,,
fedavg,fedavg,434|504,434|504,2,434,data_4000_5_2.0_chordal,train_epoch,train,,63,4.0,0.05896099984645844,,,,,,,,4000,,,,,,,,,,,
fedavg,fedavg,434|504,434|504,2,434,data_4000_5_2.0_chordal,train_epoch,train,,63,5.0,0.0580110597871244,,,,,,,,4000,,,,,,,,,,,
fedavg,fedavg,434|504,434|504,2,434,data_4000_5_2.0_chordal,val_epoch,val,,63,,,0.13769994711875916,0.96675,0.8585000038146973,0.9605083437258745,0.9491130709648132,0.9491130709648132,0.9491130709648132,4000,,,,,,,,,,,
fedavg,fedavg,434|504,434|504,2,434,data_4000_5_2.0_chordal,val_epoch_task,val,cycle2,63,,,,,,,,,,4000,1986.0,5.0,2009.0,0.0,0.9974886991461577,1.0,0.9987427592277527,0.9987427592277527,0.9987427592277527,1986.0,0.4964999854564667
fedavg,fedavg,434|504,434|504,2,434,data_4000_5_2.0_chordal,val_epoch_task,val,cycle3,63,,,,,,,,,,4000,1983.0,11.0,2002.0,4.0,0.9944834503510531,0.9979869149471565,0.9962320923805237,0.9962320923805237,0.9962320923805237,1987.0,0.49674999713897705
fedavg,fedavg,434|504,434|504,2,434,data_4000_5_2.0_chordal,val_epoch_task,val,cycle4,63,,,,,,,,,,4000,1741.0,28.0,2209.0,22.0,0.9841718485019785,0.9875212705615428,0.9858437776565552,0.9858437776565552,0.9858437776565552,1763.0,0.44075000286102295
fedavg,fedavg,434|504,434|504,2,434,data_4000_5_2.0_chordal,val_epoch_task,val,cycle5,63,,,,,,,,,,4000,1429.0,143.0,2332.0,96.0,0.9090330788804071,0.9370491803278689,0.9228286147117615,0.9228286147117615,0.9228286147117615,1525.0,0.3812499940395355
fedavg,fedavg,434|504,434|504,2,434,data_4000_5_2.0_chordal,val_epoch_task,val,cycle6,63,,,,,,,,,,4000,948.0,165.0,2696.0,191.0,0.8517520215633423,0.8323090430201932,0.8419183492660522,0.8419183492660522,0.8419183492660522,1139.0,0.2847500145435333
fedavg,fedavg,434|504,434|504,2,504,data_2000_3_11_chordal,train_epoch,train,,63,1.0,0.11384890699386596,,,,,,,,2000,,,,,,,,,,,
fedavg,fedavg,434|504,434|504,2,504,data_2000_3_11_chordal,train_epoch,train,,63,2.0,0.09919650694727898,,,,,,,,2000,,,,,,,,,,,
fedavg,fedavg,434|504,434|504,2,504,data_2000_3_11_chordal,train_epoch,train,,63,3.0,0.0981063066124916,,,,,,,,2000,,,,,,,,,,,
fedavg,fedavg,434|504,434|504,2,504,data_2000_3_11_chordal,train_epoch,train,,63,4.0,0.14888883566856384,,,,,,,,2000,,,,,,,,,,,
fedavg,fedavg,434|504,434|504,2,504,data_2000_3_11_chordal,train_epoch,train,,63,5.0,0.13667976981401445,,,,,,,,2000,,,,,,,,,,,
fedavg,fedavg,434|504,434|504,2,504,data_2000_3_11_chordal,val_epoch,val,,63,,,0.10998378363996744,0.9763,0.9014999866485596,0.8600118133490845,0.8848109245300293,0.8848109245300293,0.8848109245300293,2000,,,,,,,,,,,
fedavg,fedavg,434|504,434|504,2,504,data_2000_3_11_chordal,val_epoch_task,val,cycle2,63,,,,,,,,,,2000,82.0,1.0,1917.0,0.0,0.9879518072289156,1.0,0.9939393997192383,0.9939393997192383,0.9939393997192383,82.0,0.04100000113248825
fedavg,fedavg,434|504,434|504,2,504,data_2000_3_11_chordal,val_epoch_task,val,cycle3,63,,,,,,,,,,2000,127.0,14.0,1858.0,1.0,0.900709219858156,0.9921875,0.9442379474639893,0.9442379474639893,0.9442379474639893,128.0,0.06400000303983688
fedavg,fedavg,434|504,434|504,2,504,data_2000_3_11_chordal,val_epoch_task,val,cycle4,63,,,,,,,,,,2000,157.0,48.0,1795.0,0.0,0.7658536585365854,1.0,0.8674033284187317,0.8674033284187317,0.8674033284187317,157.0,0.07850000262260437
fedavg,fedavg,434|504,434|504,2,504,data_2000_3_11_chordal,val_epoch_task,val,cycle5,63,,,,,,,,,,2000,186.0,58.0,1755.0,1.0,0.7622950819672131,0.9946524064171123,0.8631089925765991,0.8631089925765991,0.8631089925765991,187.0,0.09350000321865082
fedavg,fedavg,434|504,434|504,2,504,data_2000_3_11_chordal,val_epoch_task,val,cycle6,63,,,,,,,,,,2000,176.0,107.0,1710.0,7.0,0.6219081272084805,0.9617486338797814,0.7553648352622986,0.7553648352622986,0.7553648352622986,183.0,0.09149999916553497
fedavg,fedavg,434|504,434|504,2,434,data_4000_5_2.0_chordal,global_val_client,val,,63,,,0.13769208157062532,0.95515,0.8134999871253967,0.9487223460812897,0.9388970136642456,0.9388970136642456,0.9388970136642456,4000,,,,,,,,,,,
fedavg,fedavg,434|504,434|504,2,434,data_4000_5_2.0_chordal,global_val_client_task,val,cycle2,63,,,,,,,,,,4000,1986.0,11.0,2003.0,0.0,0.9944917376064096,1.0,0.9972382187843323,0.9972382187843323,0.9972382187843323,1986.0,0.4964999854564667
fedavg,fedavg,434|504,434|504,2,434,data_4000_5_2.0_chordal,global_val_client_task,val,cycle3,63,,,,,,,,,,4000,1987.0,13.0,2000.0,0.0,0.9935,1.0,0.996739387512207,0.996739387512207,0.996739387512207,1987.0,0.49674999713897705
fedavg,fedavg,434|504,434|504,2,434,data_4000_5_2.0_chordal,global_val_client_task,val,cycle4,63,,,,,,,,,,4000,1759.0,85.0,2152.0,4.0,0.9539045553145337,0.9977311401020987,0.9753257632255554,0.9753257632255554,0.9753257632255554,1763.0,0.44075000286102295
fedavg,fedavg,434|504,434|504,2,434,data_4000_5_2.0_chordal,global_val_client_task,val,cycle5,63,,,,,,,,,,4000,1499.0,299.0,2176.0,26.0,0.8337041156840934,0.9829508196721312,0.9021968245506287,0.9021968245506287,0.9021968245506287,1525.0,0.3812499940395355
fedavg,fedavg,434|504,434|504,2,434,data_4000_5_2.0_chordal,global_val_client_task,val,cycle6,63,,,,,,,,,,4000,1067.0,387.0,2474.0,72.0,0.7338376891334251,0.9367866549604916,0.8229849934577942,0.8229849934577942,0.8229849934577942,1139.0,0.2847500145435333
fedavg,fedavg,434|504,434|504,2,504,data_2000_3_11_chordal,global_val_client,val,,63,,,0.20303339418768881,0.9797,0.9200000166893005,0.8736776602364655,0.8848819732666016,0.8848819732666016,0.8848819732666016,2000,,,,,,,,,,,
fedavg,fedavg,434|504,434|504,2,504,data_2000_3_11_chordal,global_val_client_task,val,cycle2,63,,,,,,,,,,2000,82.0,17.0,1901.0,0.0,0.8282828282828283,1.0,0.9060773253440857,0.9060773253440857,0.9060773253440857,82.0,0.04100000113248825
fedavg,fedavg,434|504,434|504,2,504,data_2000_3_11_chordal,global_val_client_task,val,cycle3,63,,,,,,,,,,2000,128.0,13.0,1859.0,0.0,0.9078014184397163,1.0,0.9516728520393372,0.9516728520393372,0.9516728520393372,128.0,0.06400000303983688
fedavg,fedavg,434|504,434|504,2,504,data_2000_3_11_chordal,global_val_client_task,val,cycle4,63,,,,,,,,,,2000,151.0,18.0,1825.0,6.0,0.893491124260355,0.9617834394904459,0.9263803958892822,0.9263803958892822,0.9263803958892822,157.0,0.07850000262260437
fedavg,fedavg,434|504,434|504,2,504,data_2000_3_11_chordal,global_val_client_task,val,cycle5,63,,,,,,,,,,2000,180.0,56.0,1757.0,7.0,0.7627118644067796,0.9625668449197861,0.8510638475418091,0.8510638475418091,0.8510638475418091,187.0,0.09350000321865082
fedavg,fedavg,434|504,434|504,2,504,data_2000_3_11_chordal,global_val_client_task,val,cycle6,63,,,,,,,,,,2000,161.0,64.0,1753.0,22.0,0.7155555555555555,0.8797814207650273,0.7892156839370728,0.7892156839370728,0.7892156839370728,183.0,0.09149999916553497
fedavg,fedavg,434|504,434|504,2,all,all,global_val_mean,val,,63,,,0.15947251910964647,0.9633333333333334,0.8489999969800314,0.9237074507996816,0.9208920001983643,0.9208920001983643,0.9208920001983643,6000,,,,,,,,,,,
fedavg,fedavg,434|504,434|504,2,434,data_4000_5_2.0_chordal,train_epoch,train,,64,1.0,0.06238328014314175,,,,,,,,4000,,,,,,,,,,,
fedavg,fedavg,434|504,434|504,2,434,data_4000_5_2.0_chordal,train_epoch,train,,64,2.0,0.06306932228803634,,,,,,,,4000,,,,,,,,,,,
fedavg,fedavg,434|504,434|504,2,434,data_4000_5_2.0_chordal,train_epoch,train,,64,3.0,0.06222315760701895,,,,,,,,4000,,,,,,,,,,,
fedavg,fedavg,434|504,434|504,2,434,data_4000_5_2.0_chordal,train_epoch,train,,64,4.0,0.0681639997959137,,,,,,,,4000,,,,,,,,,,,
fedavg,fedavg,434|504,434|504,2,434,data_4000_5_2.0_chordal,train_epoch,train,,64,5.0,0.055944616705179216,,,,,,,,4000,,,,,,,,,,,
fedavg,fedavg,434|504,434|504,2,434,data_4000_5_2.0_chordal,val_epoch,val,,64,,,0.14127093648910521,0.96195,0.8389999866485596,0.9544992526158446,0.942126452922821,0.942126452922821,0.942126452922821,4000,,,,,,,,,,,
fedavg,fedavg,434|504,434|504,2,434,data_4000_5_2.0_chordal,val_epoch_task,val,cycle2,64,,,,,,,,,,4000,1985.0,8.0,2006.0,1.0,0.9959859508278976,0.999496475327291,0.9977380633354187,0.9977380633354187,0.9977380633354187,1986.0,0.4964999854564667
fedavg,fedavg,434|504,434|504,2,434,data_4000_5_2.0_chordal,val_epoch_task,val,cycle3,64,,,,,,,,,,4000,1972.0,18.0,1995.0,15.0,0.9909547738693467,0.9924509310518369,0.9917023181915283,0.9917023181915283,0.9917023181915283,1987.0,0.49674999713897705
fedavg,fedavg,434|504,434|504,2,434,data_4000_5_2.0_chordal,val_epoch_task,val,cycle4,64,,,,,,,,,,4000,1677.0,15.0,2222.0,86.0,0.9911347517730497,0.9512195121951219,0.9707670211791992,0.9707670211791992,0.9707670211791992,1763.0,0.44075000286102295
fedavg,fedavg,434|504,434|504,2,434,data_4000_5_2.0_chordal,val_epoch_task,val,cycle5,64,,,,,,,,,,4000,1422.0,102.0,2373.0,103.0,0.9330708661417323,0.9324590163934426,0.9327648878097534,0.9327648878097534,0.9327648878097534,1525.0,0.3812499940395355
fedavg,fedavg,434|504,434|504,2,434,data_4000_5_2.0_chordal,val_epoch_task,val,cycle6,64,,,,,,,,,,4000,926.0,200.0,2661.0,213.0,0.822380106571936,0.8129938542581212,0.8176600337028503,0.8176600337028503,0.8176600337028503,1139.0,0.2847500145435333
fedavg,fedavg,434|504,434|504,2,504,data_2000_3_11_chordal,train_epoch,train,,64,1.0,0.11316842901706696,,,,,,,,2000,,,,,,,,,,,
fedavg,fedavg,434|504,434|504,2,504,data_2000_3_11_chordal,train_epoch,train,,64,2.0,0.09951007743179797,,,,,,,,2000,,,,,,,,,,,
fedavg,fedavg,434|504,434|504,2,504,data_2000_3_11_chordal,train_epoch,train,,64,3.0,0.09791692420840263,,,,,,,,2000,,,,,,,,,,,
fedavg,fedavg,434|504,434|504,2,504,data_2000_3_11_chordal,train_epoch,train,,64,4.0,0.08447795366495847,,,,,,,,2000,,,,,,,,,,,
fedavg,fedavg,434|504,434|504,2,504,data_2000_3_11_chordal,train_epoch,train,,64,5.0,0.14249400471150875,,,,,,,,2000,,,,,,,,,,,
fedavg,fedavg,434|504,434|504,2,504,data_2000_3_11_chordal,val_epoch,val,,64,,,0.12246395829319955,0.9745,0.8980000019073486,0.8513119533527697,0.882715106010437,0.882715106010437,0.882715106010437,2000,,,,,,,,,,,
fedavg,fedavg,434|504,434|504,2,504,data_2000_3_11_chordal,val_epoch_task,val,cycle2,64,,,,,,,,,,2000,82.0,5.0,1913.0,0.0,0.9425287356321839,1.0,0.9704142212867737,0.9704142212867737,0.9704142212867737,82.0,0.04100000113248825
fedavg,fedavg,434|504,434|504,2,504,data_2000_3_11_chordal,val_epoch_task,val,cycle3,64,,,,,,,,,,2000,126.0,9.0,1863.0,2.0,0.9333333333333333,0.984375,0.9581748843193054,0.9581748843193054,0.9581748843193054,128.0,0.06400000303983688
fedavg,fedavg,434|504,434|504,2,504,data_2000_3_11_chordal,val_epoch_task,val,cycle4,64,,,,,,,,,,2000,154.0,19.0,1824.0,3.0,0.8901734104046243,0.9808917197452229,0.9333333373069763,0.9333333373069763,0.9333333373069763,157.0,0.07850000262260437
fedavg,fedavg,434|504,434|504,2,504,data_2000_3_11_chordal,val_epoch_task,val,cycle5,64,,,,,,,,,,2000,187.0,74.0,1739.0,0.0,0.7164750957854407,1.0,0.8348214626312256,0.8348214626312256,0.8348214626312256,187.0,0.09350000321865082
fedavg,fedavg,434|504,434|504,2,504,data_2000_3_11_chordal,val_epoch_task,val,cycle6,64,,,,,,,,,,2000,181.0,141.0,1676.0,2.0,0.562111801242236,0.9890710382513661,0.7168316841125488,0.7168316841125488,0.7168316841125488,183.0,0.09149999916553497
fedavg,fedavg,434|504,434|504,2,434,data_4000_5_2.0_chordal,global_val_client,val,,64,,,0.13488715887069702,0.95295,0.8072500228881836,0.9462991496889801,0.9361608624458313,0.9361608624458313,0.9361608624458313,4000,,,,,,,,,,,
fedavg,fedavg,434|504,434|504,2,434,data_4000_5_2.0_chordal,global_val_client_task,val,cycle2,64,,,,,,,,,,4000,1985.0,9.0,2005.0,1.0,0.9954864593781344,0.999496475327291,0.9974873661994934,0.9974873661994934,0.9974873661994934,1986.0,0.4964999854564667
fedavg,fedavg,434|504,434|504,2,434,data_4000_5_2.0_chordal,global_val_client_task,val,cycle3,64,,,,,,,,,,4000,1986.0,17.0,1996.0,1.0,0.9915127309036446,0.9994967287367891,0.9954887628555298,0.9954887628555298,0.9954887628555298,1987.0,0.49674999713897705
fedavg,fedavg,434|504,434|504,2,434,data_4000_5_2.0_chordal,global_val_client_task,val,cycle4,64,,,,,,,,,,4000,1745.0,58.0,2179.0,18.0,0.9678313921242374,0.9897901304594441,0.978687584400177,0.978687584400177,0.978687584400177,1763.0,0.44075000286102295
fedavg,fedavg,434|504,434|504,2,434,data_4000_5_2.0_chordal,global_val_client_task,val,cycle5,64,,,,,,,,,,4000,1505.0,294.0,2181.0,20.0,0.8365758754863813,0.9868852459016394,0.9055355191230774,0.9055355191230774,0.9055355191230774,1525.0,0.3812499940395355
fedavg,fedavg,434|504,434|504,2,434,data_4000_5_2.0_chordal,global_val_client_task,val,cycle6,64,,,,,,,,,,4000,1070.0,454.0,2407.0,69.0,0.7020997375328084,0.9394205443371378,0.8036049008369446,0.8036049008369446,0.8036049008369446,1139.0,0.2847500145435333
fedavg,fedavg,434|504,434|504,2,504,data_2000_3_11_chordal,global_val_client,val,,64,,,0.1854846121268347,0.984,0.9375,0.8983481575603558,0.9062568545341492,0.9062568545341492,0.9062568545341492,2000,,,,,,,,,,,
fedavg,fedavg,434|504,434|504,2,504,data_2000_3_11_chordal,global_val_client_task,val,cycle2,64,,,,,,,,,,2000,82.0,16.0,1902.0,0.0,0.8367346938775511,1.0,0.9111111164093018,0.9111111164093018,0.9111111164093018,82.0,0.04100000113248825
fedavg,fedavg,434|504,434|504,2,504,data_2000_3_11_chordal,global_val_client_task,val,cycle3,64,,,,,,,,,,2000,128.0,11.0,1861.0,0.0,0.920863309352518,1.0,0.9588015079498291,0.9588015079498291,0.9588015079498291,128.0,0.06400000303983688
fedavg,fedavg,434|504,434|504,2,504,data_2000_3_11_chordal,global_val_client_task,val,cycle4,64,,,,,,,,,,2000,148.0,8.0,1835.0,9.0,0.9487179487179487,0.9426751592356688,0.945686936378479,0.945686936378479,0.945686936378479,157.0,0.07850000262260437
fedavg,fedavg,434|504,434|504,2,504,data_2000_3_11_chordal,global_val_client_task,val,cycle5,64,,,,,,,,,,2000,180.0,36.0,1777.0,7.0,0.8333333333333334,0.9625668449197861,0.8933002948760986,0.8933002948760986,0.8933002948760986,187.0,0.09350000321865082
fedavg,fedavg,434|504,434|504,2,504,data_2000_3_11_chordal,global_val_client_task,val,cycle6,64,,,,,,,,,,2000,169.0,59.0,1758.0,14.0,0.7412280701754386,0.9234972677595629,0.8223844170570374,0.8223844170570374,0.8223844170570374,183.0,0.09149999916553497
fedavg,fedavg,434|504,434|504,2,all,all,global_val_mean,val,,64,,,0.15175297662274292,0.9632999999999999,0.8506666819254557,0.9303154856461054,0.9261928598086039,0.9261928598086039,0.9261928598086039,6000,,,,,,,,,,,
fedavg,fedavg,434|504,434|504,2,434,data_4000_5_2.0_chordal,train_epoch,train,,65,1.0,0.06610755443572998,,,,,,,,4000,,,,,,,,,,,
fedavg,fedavg,434|504,434|504,2,434,data_4000_5_2.0_chordal,train_epoch,train,,65,2.0,0.05609455554187298,,,,,,,,4000,,,,,,,,,,,
fedavg,fedavg,434|504,434|504,2,434,data_4000_5_2.0_chordal,train_epoch,train,,65,3.0,0.0532743793874979,,,,,,,,4000,,,,,,,,,,,
fedavg,fedavg,434|504,434|504,2,434,data_4000_5_2.0_chordal,train_epoch,train,,65,4.0,0.054149893283843994,,,,,,,,4000,,,,,,,,,,,
fedavg,fedavg,434|504,434|504,2,434,data_4000_5_2.0_chordal,train_epoch,train,,65,5.0,0.06326429656147957,,,,,,,,4000,,,,,,,,,,,
fedavg,fedavg,434|504,434|504,2,434,data_4000_5_2.0_chordal,val_epoch,val,,65,,,0.13626347839832306,0.9637,0.8495000004768372,0.9567135702361078,0.9435701370239258,0.9435701370239258,0.9435701370239258,4000,,,,,,,,,,,
fedavg,fedavg,434|504,434|504,2,434,data_4000_5_2.0_chordal,val_epoch_task,val,cycle2,65,,,,,,,,,,4000,1986.0,11.0,2003.0,0.0,0.9944917376064096,1.0,0.9972382187843323,0.9972382187843323,0.9972382187843323,1986.0,0.4964999854564667
fedavg,fedavg,434|504,434|504,2,434,data_4000_5_2.0_chordal,val_epoch_task,val,cycle3,65,,,,,,,,,,4000,1982.0,14.0,1999.0,5.0,0.9929859719438878,0.9974836436839456,0.9952297210693359,0.9952297210693359,0.9952297210693359,1987.0,0.49674999713897705
fedavg,fedavg,434|504,434|504,2,434,data_4000_5_2.0_chordal,val_epoch_task,val,cycle4,65,,,,,,,,,,4000,1747.0,49.0,2188.0,16.0,0.97271714922049,0.9909245604083948,0.9817364811897278,0.9817364811897278,0.9817364811897278,1763.0,0.44075000286102295
fedavg,fedavg,434|504,434|504,2,434,data_4000_5_2.0_chordal,val_epoch_task,val,cycle5,65,,,,,,,,,,4000,1394.0,95.0,2380.0,131.0,0.9361987911349899,0.9140983606557377,0.9250165820121765,0.9250165820121765,0.9250165820121765,1525.0,0.3812499940395355
fedavg,fedavg,434|504,434|504,2,434,data_4000_5_2.0_chordal,val_epoch_task,val,cycle6,65,,,,,,,,,,4000,914.0,180.0,2681.0,225.0,0.8354661791590493,0.8024582967515365,0.8186296820640564,0.8186296820640564,0.8186296820640564,1139.0,0.2847500145435333
fedavg,fedavg,434|504,434|504,2,504,data_2000_3_11_chordal,train_epoch,train,,65,1.0,0.1296945984326303,,,,,,,,2000,,,,,,,,,,,
fedavg,fedavg,434|504,434|504,2,504,data_2000_3_11_chordal,train_epoch,train,,65,2.0,0.08864952810108662,,,,,,,,2000,,,,,,,,,,,
fedavg,fedavg,434|504,434|504,2,504,data_2000_3_11_chordal,train_epoch,train,,65,3.0,0.09839850294589997,,,,,,,,2000,,,,,,,,,,,
fedavg,fedavg,434|504,434|504,2,504,data_2000_3_11_chordal,train_epoch,train,,65,4.0,0.1139111153781414,,,,,,,,2000,,,,,,,,,,,
fedavg,fedavg,434|504,434|504,2,504,data_2000_3_11_chordal,train_epoch,train,,65,5.0,0.1005551010966301,,,,,,,,2000,,,,,,,,,,,
fedavg,fedavg,434|504,434|504,2,504,data_2000_3_11_chordal,val_epoch,val,,65,,,0.12177876743674278,0.9793,0.9160000085830688,0.8747731397459165,0.8966771364212036,0.8966771364212036,0.8966771364212036,2000,,,,,,,,,,,
fedavg,fedavg,434|504,434|504,2,504,data_2000_3_11_chordal,val_epoch_task,val,cycle2,65,,,,,,,,,,2000,80.0,5.0,1913.0,2.0,0.9411764705882353,0.975609756097561,0.9580839276313782,0.9580839276313782,0.9580839276313782,82.0,0.04100000113248825
fedavg,fedavg,434|504,434|504,2,504,data_2000_3_11_chordal,val_epoch_task,val,cycle3,65,,,,,,,,,,2000,128.0,10.0,1862.0,0.0,0.927536231884058,1.0,0.9624060392379761,0.9624060392379761,0.9624060392379761,128.0,0.06400000303983688
fedavg,fedavg,434|504,434|504,2,504,data_2000_3_11_chordal,val_epoch_task,val,cycle4,65,,,,,,,,,,2000,153.0,18.0,1825.0,4.0,0.8947368421052632,0.9745222929936306,0.9329268336296082,0.9329268336296082,0.9329268336296082,157.0,0.07850000262260437
fedavg,fedavg,434|504,434|504,2,504,data_2000_3_11_chordal,val_epoch_task,val,cycle5,65,,,,,,,,,,2000,185.0,50.0,1763.0,2.0,0.7872340425531915,0.9893048128342246,0.8767773509025574,0.8767773509025574,0.8767773509025574,187.0,0.09350000321865082
fedavg,fedavg,434|504,434|504,2,504,data_2000_3_11_chordal,val_epoch_task,val,cycle6,65,,,,,,,,,,2000,177.0,110.0,1707.0,6.0,0.6167247386759582,0.9672131147540983,0.7531914114952087,0.7531914114952087,0.7531914114952087,183.0,0.09149999916553497
fedavg,fedavg,434|504,434|504,2,434,data_4000_5_2.0_chordal,global_val_client,val,,65,,,0.13792096090316772,0.952,0.8082500100135803,0.9452804377564981,0.9352320432662964,0.9352320432662964,0.9352320432662964,4000,,,,,,,,,,,
fedavg,fedavg,434|504,434|504,2,434,data_4000_5_2.0_chordal,global_val_client_task,val,cycle2,65,,,,,,,,,,4000,1986.0,11.0,2003.0,0.0,0.9944917376064096,1.0,0.9972382187843323,0.9972382187843323,0.9972382187843323,1986.0,0.4964999854564667
fedavg,fedavg,434|504,434|504,2,434,data_4000_5_2.0_chordal,global_val_client_task,val,cycle3,65,,,,,,,,,,4000,1986.0,25.0,1988.0,1.0,0.9875683739433118,0.9994967287367891,0.9934967756271362,0.9934967756271362,0.9934967756271362,1987.0,0.49674999713897705
fedavg,fedavg,434|504,434|504,2,434,data_4000_5_2.0_chordal,global_val_client_task,val,cycle4,65,,,,,,,,,,4000,1753.0,99.0,2138.0,10.0,0.9465442764578834,0.9943278502552467,0.9698478579521179,0.9698478579521179,0.9698478579521179,1763.0,0.44075000286102295
fedavg,fedavg,434|504,434|504,2,434,data_4000_5_2.0_chordal,global_val_client_task,val,cycle5,65,,,,,,,,,,4000,1495.0,275.0,2200.0,30.0,0.844632768361582,0.980327868852459,0.9074354767799377,0.9074354767799377,0.9074354767799377,1525.0,0.3812499940395355
fedavg,fedavg,434|504,434|504,2,434,data_4000_5_2.0_chordal,global_val_client_task,val,cycle6,65,,,,,,,,,,4000,1072.0,442.0,2419.0,67.0,0.7080581241743725,0.9411764705882353,0.8081417679786682,0.8081417679786682,0.8081417679786682,1139.0,0.2847500145435333
fedavg,fedavg,434|504,434|504,2,504,data_2000_3_11_chordal,global_val_client,val,,65,,,0.10505681499838829,0.9857,0.9375,0.9097791798107255,0.9238452911376953,0.9238452911376953,0.9238452911376953,2000,,,,,,,,,,,
fedavg,fedavg,434|504,434|504,2,504,data_2000_3_11_chordal,global_val_client_task,val,cycle2,65,,,,,,,,,,2000,82.0,5.0,1913.0,0.0,0.9425287356321839,1.0,0.9704142212867737,0.9704142212867737,0.9704142212867737,82.0,0.04100000113248825
fedavg,fedavg,434|504,434|504,2,504,data_2000_3_11_chordal,global_val_client_task,val,cycle3,65,,,,,,,,,,2000,128.0,5.0,1867.0,0.0,0.9624060150375939,1.0,0.9808429479598999,0.9808429479598999,0.9808429479598999,128.0,0.06400000303983688
fedavg,fedavg,434|504,434|504,2,504,data_2000_3_11_chordal,global_val_client_task,val,cycle4,65,,,,,,,,,,2000,155.0,15.0,1828.0,2.0,0.9117647058823529,0.9872611464968153,0.9480122327804565,0.9480122327804565,0.9480122327804565,157.0,0.07850000262260437
fedavg,fedavg,434|504,434|504,2,504,data_2000_3_11_chordal,global_val_client_task,val,cycle5,65,,,,,,,,,,2000,184.0,42.0,1771.0,3.0,0.8141592920353983,0.983957219251337,0.8910412192344666,0.8910412192344666,0.8910412192344666,187.0,0.09350000321865082
fedavg,fedavg,434|504,434|504,2,504,data_2000_3_11_chordal,global_val_client_task,val,cycle6,65,,,,,,,,,,2000,172.0,60.0,1757.0,11.0,0.7413793103448276,0.9398907103825137,0.8289156556129456,0.8289156556129456,0.8289156556129456,183.0,0.09149999916553497
fedavg,fedavg,434|504,434|504,2,all,all,global_val_mean,val,,65,,,0.12696624560157457,0.9632333333333333,0.8513333400090536,0.9334466851079072,0.9314364592234293,0.9314364592234293,0.9314364592234293,6000,,,,,,,,,,,
fedavg,fedavg,434|504,434|504,2,434,data_4000_5_2.0_chordal,train_epoch,train,,66,1.0,0.05847712230682373,,,,,,,,4000,,,,,,,,,,,
fedavg,fedavg,434|504,434|504,2,434,data_4000_5_2.0_chordal,train_epoch,train,,66,2.0,0.05947370141744614,,,,,,,,4000,,,,,,,,,,,
fedavg,fedavg,434|504,434|504,2,434,data_4000_5_2.0_chordal,train_epoch,train,,66,3.0,0.061041940972208976,,,,,,,,4000,,,,,,,,,,,
fedavg,fedavg,434|504,434|504,2,434,data_4000_5_2.0_chordal,train_epoch,train,,66,4.0,0.05784857495129109,,,,,,,,4000,,,,,,,,,,,
fedavg,fedavg,434|504,434|504,2,434,data_4000_5_2.0_chordal,train_epoch,train,,66,5.0,0.055882547404617074,,,,,,,,4000,,,,,,,,,,,
fedavg,fedavg,434|504,434|504,2,434,data_4000_5_2.0_chordal,val_epoch,val,,66,,,0.13057755878567695,0.9622,0.840499997138977,0.955794643901298,0.9454943537712097,0.9454943537712097,0.9454943537712097,4000,,,,,,,,,,,
fedavg,fedavg,434|504,434|504,2,434,data_4000_5_2.0_chordal,val_epoch_task,val,cycle2,66,,,,,,,,,,4000,1979.0,11.0,2003.0,7.0,0.9944723618090452,0.9964753272910373,0.9954728484153748,0.9954728484153748,0.9954728484153748,1986.0,0.4964999854564667
fedavg,fedavg,434|504,434|504,2,434,data_4000_5_2.0_chordal,val_epoch_task,val,cycle3,66,,,,,,,,,,4000,1974.0,17.0,1996.0,13.0,0.9914615770969362,0.9934574735782586,0.9924585223197937,0.9924585223197937,0.9924585223197937,1987.0,0.49674999713897705
fedavg,fedavg,434|504,434|504,2,434,data_4000_5_2.0_chordal,val_epoch_task,val,cycle4,66,,,,,,,,,,4000,1746.0,65.0,2172.0,17.0,0.9641082274986196,0.9903573454339194,0.9770564436912537,0.9770564436912537,0.9770564436912537,1763.0,0.44075000286102295
fedavg,fedavg,434|504,434|504,2,434,data_4000_5_2.0_chordal,val_epoch_task,val,cycle5,66,,,,,,,,,,4000,1468.0,165.0,2310.0,57.0,0.898958971218616,0.9626229508196721,0.9297023415565491,0.9297023415565491,0.9297023415565491,1525.0,0.3812499940395355
fedavg,fedavg,434|504,434|504,2,434,data_4000_5_2.0_chordal,val_epoch_task,val,cycle6,66,,,,,,,,,,4000,1006.0,271.0,2590.0,133.0,0.7877838684416602,0.8832309043020193,0.8327814340591431,0.8327814340591431,0.8327814340591431,1139.0,0.2847500145435333
fedavg,fedavg,434|504,434|504,2,504,data_2000_3_11_chordal,train_epoch,train,,66,1.0,0.10200537358224392,,,,,,,,2000,,,,,,,,,,,
fedavg,fedavg,434|504,434|504,2,504,data_2000_3_11_chordal,train_epoch,train,,66,2.0,0.12899029694497585,,,,,,,,2000,,,,,,,,,,,
fedavg,fedavg,434|504,434|504,2,504,data_2000_3_11_chordal,train_epoch,train,,66,3.0,0.10023637193441391,,,,,,,,2000,,,,,,,,,,,
fedavg,fedavg,434|504,434|504,2,504,data_2000_3_11_chordal,train_epoch,train,,66,4.0,0.09133804398775101,,,,,,,,2000,,,,,,,,,,,
fedavg,fedavg,434|504,434|504,2,504,data_2000_3_11_chordal,train_epoch,train,,66,5.0,0.15141150993108748,,,,,,,,2000,,,,,,,,,,,
fedavg,fedavg,434|504,434|504,2,504,data_2000_3_11_chordal,val_epoch,val,,66,,,0.15856326687335967,0.9488,0.8234999775886536,0.7414141414141414,0.7803944945335388,0.7803944945335388,0.7803944945335388,2000,,,,,,,,,,,
fedavg,fedavg,434|504,434|504,2,504,data_2000_3_11_chordal,val_epoch_task,val,cycle2,66,,,,,,,,,,2000,82.0,6.0,1912.0,0.0,0.9318181818181818,1.0,0.9647058844566345,0.9647058844566345,0.9647058844566345,82.0,0.04100000113248825
fedavg,fedavg,434|504,434|504,2,504,data_2000_3_11_chordal,val_epoch_task,val,cycle3,66,,,,,,,,,,2000,128.0,65.0,1807.0,0.0,0.6632124352331606,1.0,0.7975077629089355,0.7975077629089355,0.7975077629089355,128.0,0.06400000303983688
fedavg,fedavg,434|504,434|504,2,504,data_2000_3_11_chordal,val_epoch_task,val,cycle4,66,,,,,,,,,,2000,157.0,79.0,1764.0,0.0,0.6652542372881356,1.0,0.7989822030067444,0.7989822030067444,0.7989822030067444,157.0,0.07850000262260437
fedavg,fedavg,434|504,434|504,2,504,data_2000_3_11_chordal,val_epoch_task,val,cycle5,66,,,,,,,,,,2000,187.0,161.0,1652.0,0.0,0.5373563218390804,1.0,0.6990653872489929,0.6990653872489929,0.6990653872489929,187.0,0.09350000321865082
fedavg,fedavg,434|504,434|504,2,504,data_2000_3_11_chordal,val_epoch_task,val,cycle6,66,,,,,,,,,,2000,180.0,198.0,1619.0,3.0,0.47619047619047616,0.9836065573770492,0.6417112350463867,0.6417112350463867,0.6417112350463867,183.0,0.09149999916553497
fedavg,fedavg,434|504,434|504,2,434,data_4000_5_2.0_chordal,global_val_client,val,,66,,,0.17610455679893494,0.9397,0.7662500143051147,0.9327008928571429,0.9230880737304688,0.9230880737304688,0.9230880737304688,4000,,,,,,,,,,,
fedavg,fedavg,434|504,434|504,2,434,data_4000_5_2.0_chordal,global_val_client_task,val,cycle2,66,,,,,,,,,,4000,1986.0,14.0,2000.0,0.0,0.993,1.0,0.9964876770973206,0.9964876770973206,0.9964876770973206,1986.0,0.4964999854564667
fedavg,fedavg,434|504,434|504,2,434,data_4000_5_2.0_chordal,global_val_client_task,val,cycle3,66,,,,,,,,,,4000,1986.0,17.0,1996.0,1.0,0.9915127309036446,0.9994967287367891,0.9954887628555298,0.9954887628555298,0.9954887628555298,1987.0,0.49674999713897705
fedavg,fedavg,434|504,434|504,2,434,data_4000_5_2.0_chordal,global_val_client_task,val,cycle4,66,,,,,,,,,,4000,1762.0,184.0,2053.0,1.0,0.9054470709146968,0.9994327850255247,0.9501214027404785,0.9501214027404785,0.9501214027404785,1763.0,0.44075000286102295
fedavg,fedavg,434|504,434|504,2,434,data_4000_5_2.0_chordal,global_val_client_task,val,cycle5,66,,,,,,,,,,4000,1516.0,392.0,2083.0,9.0,0.7945492662473794,0.9940983606557378,0.8831925392150879,0.8831925392150879,0.8831925392150879,1525.0,0.3812499940395355
fedavg,fedavg,434|504,434|504,2,434,data_4000_5_2.0_chordal,global_val_client_task,val,cycle6,66,,,,,,,,,,4000,1107.0,556.0,2305.0,32.0,0.6656644618159951,0.9719051799824407,0.7901498079299927,0.7901498079299927,0.7901498079299927,1139.0,0.2847500145435333
fedavg,fedavg,434|504,434|504,2,504,data_2000_3_11_chordal,global_val_client,val,,66,,,0.13711287459731103,0.9846,0.9380000233650208,0.9027777777777779,0.9144509434700012,0.9144509434700012,0.9144509434700012,2000,,,,,,,,,,,
fedavg,fedavg,434|504,434|504,2,504,data_2000_3_11_chordal,global_val_client_task,val,cycle2,66,,,,,,,,,,2000,82.0,7.0,1911.0,0.0,0.9213483146067416,1.0,0.9590643644332886,0.9590643644332886,0.9590643644332886,82.0,0.04100000113248825
fedavg,fedavg,434|504,434|504,2,504,data_2000_3_11_chordal,global_val_client_task,val,cycle3,66,,,,,,,,,,2000,128.0,13.0,1859.0,0.0,0.9078014184397163,1.0,0.9516728520393372,0.9516728520393372,0.9516728520393372,128.0,0.06400000303983688
fedavg,fedavg,434|504,434|504,2,504,data_2000_3_11_chordal,global_val_client_task,val,cycle4,66,,,,,,,,,,2000,153.0,14.0,1829.0,4.0,0.9161676646706587,0.9745222929936306,0.944444477558136,0.944444477558136,0.944444477558136,157.0,0.07850000262260437
fedavg,fedavg,434|504,434|504,2,504,data_2000_3_11_chordal,global_val_client_task,val,cycle5,66,,,,,,,,,,2000,184.0,39.0,1774.0,3.0,0.8251121076233184,0.983957219251337,0.8975609540939331,0.8975609540939331,0.8975609540939331,187.0,0.09350000321865082
fedavg,fedavg,434|504,434|504,2,504,data_2000_3_11_chordal,global_val_client_task,val,cycle6,66,,,,,,,,,,2000,168.0,59.0,1758.0,15.0,0.7400881057268722,0.9180327868852459,0.8195121884346008,0.8195121884346008,0.8195121884346008,183.0,0.09149999916553497
fedavg,fedavg,434|504,434|504,2,all,all,global_val_mean,val,,66,,,0.16310732939839362,0.9546666666666667,0.8235000173250834,0.9227265211640212,0.9202090303103129,0.9202090303103129,0.9202090303103129,6000,,,,,,,,,,,
fedavg,fedavg,434|504,434|504,2,434,data_4000_5_2.0_chordal,train_epoch,train,,67,1.0,0.061515417598187926,,,,,,,,4000,,,,,,,,,,,
fedavg,fedavg,434|504,434|504,2,434,data_4000_5_2.0_chordal,train_epoch,train,,67,2.0,0.05736610813438892,,,,,,,,4000,,,,,,,,,,,
fedavg,fedavg,434|504,434|504,2,434,data_4000_5_2.0_chordal,train_epoch,train,,67,3.0,0.06118092235922813,,,,,,,,4000,,,,,,,,,,,
fedavg,fedavg,434|504,434|504,2,434,data_4000_5_2.0_chordal,train_epoch,train,,67,4.0,0.06347443612664938,,,,,,,,4000,,,,,,,,,,,
fedavg,fedavg,434|504,434|504,2,434,data_4000_5_2.0_chordal,train_epoch,train,,67,5.0,0.06187382051348686,,,,,,,,4000,,,,,,,,,,,
fedavg,fedavg,434|504,434|504,2,434,data_4000_5_2.0_chordal,val_epoch,val,,67,,,0.13196904242038726,0.9578,0.8259999752044678,0.9508043833061319,0.9403414726257324,0.9403414726257324,0.9403414726257324,4000,,,,,,,,,,,
fedavg,fedavg,434|504,434|504,2,434,data_4000_5_2.0_chordal,val_epoch_task,val,cycle2,67,,,,,,,,,,4000,1984.0,12.0,2002.0,2.0,0.9939879759519038,0.998992950654582,0.9964842200279236,0.9964842200279236,0.9964842200279236,1986.0,0.4964999854564667
fedavg,fedavg,434|504,434|504,2,434,data_4000_5_2.0_chordal,val_epoch_task,val,cycle3,67,,,,,,,,,,4000,1984.0,26.0,1987.0,3.0,0.9870646766169154,0.9984901862103673,0.9927445650100708,0.9927445650100708,0.9927445650100708,1987.0,0.49674999713897705
fedavg,fedavg,434|504,434|504,2,434,data_4000_5_2.0_chordal,val_epoch_task,val,cycle4,67,,,,,,,,,,4000,1738.0,36.0,2201.0,25.0,0.979706877113867,0.9858196256381169,0.9827537536621094,0.9827537536621094,0.9827537536621094,1763.0,0.44075000286102295
fedavg,fedavg,434|504,434|504,2,434,data_4000_5_2.0_chordal,val_epoch_task,val,cycle5,67,,,,,,,,,,4000,1393.0,136.0,2339.0,132.0,0.9110529758011773,0.9134426229508197,0.9122462868690491,0.9122462868690491,0.9122462868690491,1525.0,0.3812499940395355
fedavg,fedavg,434|504,434|504,2,434,data_4000_5_2.0_chordal,val_epoch_task,val,cycle6,67,,,,,,,,,,4000,1057.0,390.0,2471.0,82.0,0.7304768486523843,0.9280070237050044,0.8174787163734436,0.8174787163734436,0.8174787163734436,1139.0,0.2847500145435333
fedavg,fedavg,434|504,434|504,2,504,data_2000_3_11_chordal,train_epoch,train,,67,1.0,0.09575609267060645,,,,,,,,2000,,,,,,,,,,,
fedavg,fedavg,434|504,434|504,2,504,data_2000_3_11_chordal,train_epoch,train,,67,2.0,0.0903853964433074,,,,,,,,2000,,,,,,,,,,,
fedavg,fedavg,434|504,434|504,2,504,data_2000_3_11_chordal,train_epoch,train,,67,3.0,0.11287895569205283,,,,,,,,2000,,,,,,,,,,,
fedavg,fedavg,434|504,434|504,2,504,data_2000_3_11_chordal,train_epoch,train,,67,4.0,0.14543870445340873,,,,,,,,2000,,,,,,,,,,,
fedavg,fedavg,434|504,434|504,2,504,data_2000_3_11_chordal,train_epoch,train,,67,5.0,0.10661399163678288,,,,,,,,2000,,,,,,,,,,,
fedavg,fedavg,434|504,434|504,2,504,data_2000_3_11_chordal,val_epoch,val,,67,,,0.1699352126121521,0.9746,0.906499981880188,0.8475390156062425,0.8628919720649719,0.8628919720649719,0.8628919720649719,2000,,,,,,,,,,,
fedavg,fedavg,434|504,434|504,2,504,data_2000_3_11_chordal,val_epoch_task,val,cycle2,67,,,,,,,,,,2000,82.0,20.0,1898.0,0.0,0.803921568627451,1.0,0.8913043737411499,0.8913043737411499,0.8913043737411499,82.0,0.04100000113248825
fedavg,fedavg,434|504,434|504,2,504,data_2000_3_11_chordal,val_epoch_task,val,cycle3,67,,,,,,,,,,2000,128.0,18.0,1854.0,0.0,0.8767123287671232,1.0,0.9343065619468689,0.9343065619468689,0.9343065619468689,128.0,0.06400000303983688
fedavg,fedavg,434|504,434|504,2,504,data_2000_3_11_chordal,val_epoch_task,val,cycle4,67,,,,,,,,,,2000,156.0,28.0,1815.0,1.0,0.8478260869565217,0.9936305732484076,0.9149559736251831,0.9149559736251831,0.9149559736251831,157.0,0.07850000262260437
fedavg,fedavg,434|504,434|504,2,504,data_2000_3_11_chordal,val_epoch_task,val,cycle5,67,,,,,,,,,,2000,174.0,52.0,1761.0,13.0,0.7699115044247787,0.93048128342246,0.842615008354187,0.842615008354187,0.842615008354187,187.0,0.09350000321865082
fedavg,fedavg,434|504,434|504,2,504,data_2000_3_11_chordal,val_epoch_task,val,cycle6,67,,,,,,,,,,2000,166.0,105.0,1712.0,17.0,0.6125461254612546,0.907103825136612,0.731277585029602,0.731277585029602,0.731277585029602,183.0,0.09149999916553497
fedavg,fedavg,434|504,434|504,2,434,data_4000_5_2.0_chordal,global_val_client,val,,67,,,0.14755791217088698,0.9475,0.7900000214576721,0.9406310075766142,0.9306740760803223,0.9306740760803223,0.9306740760803223,4000,,,,,,,,,,,
fedavg,fedavg,434|504,434|504,2,434,data_4000_5_2.0_chordal,global_val_client_task,val,cycle2,67,,,,,,,,,,4000,1986.0,7.0,2007.0,0.0,0.9964877069744105,1.0,0.9982407689094543,0.9982407689094543,0.9982407689094543,1986.0,0.4964999854564667
fedavg,fedavg,434|504,434|504,2,434,data_4000_5_2.0_chordal,global_val_client_task,val,cycle3,67,,,,,,,,,,4000,1986.0,20.0,1993.0,1.0,0.9900299102691924,0.9994967287367891,0.9947407841682434,0.9947407841682434,0.9947407841682434,1987.0,0.49674999713897705
fedavg,fedavg,434|504,434|504,2,434,data_4000_5_2.0_chordal,global_val_client_task,val,cycle4,67,,,,,,,,,,4000,1756.0,106.0,2131.0,7.0,0.9430719656283566,0.9960294951786727,0.9688275456428528,0.9688275456428528,0.9688275456428528,1763.0,0.44075000286102295
fedavg,fedavg,434|504,434|504,2,434,data_4000_5_2.0_chordal,global_val_client_task,val,cycle5,67,,,,,,,,,,4000,1492.0,274.0,2201.0,33.0,0.8448471121177803,0.9783606557377049,0.9067152738571167,0.9067152738571167,0.9067152738571167,1525.0,0.3812499940395355
fedavg,fedavg,434|504,434|504,2,434,data_4000_5_2.0_chordal,global_val_client_task,val,cycle6,67,,,,,,,,,,4000,1098.0,561.0,2300.0,41.0,0.6618444846292948,0.9640035118525022,0.784846305847168,0.784846305847168,0.784846305847168,1139.0,0.2847500145435333
fedavg,fedavg,434|504,434|504,2,504,data_2000_3_11_chordal,global_val_client,val,,67,,,0.14466259656846522,0.9839,0.9325000047683716,0.8985507246376812,0.9092192649841309,0.9092192649841309,0.9092192649841309,2000,,,,,,,,,,,
fedavg,fedavg,434|504,434|504,2,504,data_2000_3_11_chordal,global_val_client_task,val,cycle2,67,,,,,,,,,,2000,82.0,10.0,1908.0,0.0,0.8913043478260869,1.0,0.9425287246704102,0.9425287246704102,0.9425287246704102,82.0,0.04100000113248825
fedavg,fedavg,434|504,434|504,2,504,data_2000_3_11_chordal,global_val_client_task,val,cycle3,67,,,,,,,,,,2000,128.0,13.0,1859.0,0.0,0.9078014184397163,1.0,0.9516728520393372,0.9516728520393372,0.9516728520393372,128.0,0.06400000303983688
fedavg,fedavg,434|504,434|504,2,504,data_2000_3_11_chordal,global_val_client_task,val,cycle4,67,,,,,,,,,,2000,151.0,13.0,1830.0,6.0,0.9207317073170732,0.9617834394904459,0.940809965133667,0.940809965133667,0.940809965133667,157.0,0.07850000262260437
fedavg,fedavg,434|504,434|504,2,504,data_2000_3_11_chordal,global_val_client_task,val,cycle5,67,,,,,,,,,,2000,183.0,40.0,1773.0,4.0,0.820627802690583,0.9786096256684492,0.8926828503608704,0.8926828503608704,0.8926828503608704,187.0,0.09350000321865082
fedavg,fedavg,434|504,434|504,2,504,data_2000_3_11_chordal,global_val_client_task,val,cycle6,67,,,,,,,,,,2000,169.0,61.0,1756.0,14.0,0.7347826086956522,0.9234972677595629,0.8184019327163696,0.8184019327163696,0.8184019327163696,183.0,0.09149999916553497
fedavg,fedavg,434|504,434|504,2,all,all,global_val_mean,val,,67,,,0.14659280697007973,0.9596333333333333,0.8375000158945719,0.9266042465969699,0.9235224723815918,0.9235224723815918,0.9235224723815918,6000,,,,,,,,,,,
fedavg,fedavg,434|504,434|504,2,434,data_4000_5_2.0_chordal,train_epoch,train,,68,1.0,0.06401442214846612,,,,,,,,4000,,,,,,,,,,,
fedavg,fedavg,434|504,434|504,2,434,data_4000_5_2.0_chordal,train_epoch,train,,68,2.0,0.0446103580892086,,,,,,,,4000,,,,,,,,,,,
fedavg,fedavg,434|504,434|504,2,434,data_4000_5_2.0_chordal,train_epoch,train,,68,3.0,0.05978107619285584,,,,,,,,4000,,,,,,,,,,,
fedavg,fedavg,434|504,434|504,2,434,data_4000_5_2.0_chordal,train_epoch,train,,68,4.0,0.05837861329317093,,,,,,,,4000,,,,,,,,,,,
fedavg,fedavg,434|504,434|504,2,434,data_4000_5_2.0_chordal,train_epoch,train,,68,5.0,0.056536089837551116,,,,,,,,4000,,,,,,,,,,,
fedavg,fedavg,434|504,434|504,2,434,data_4000_5_2.0_chordal,val_epoch,val,,68,,,0.12339310264587403,0.96425,0.8477500081062317,0.9577597920482069,0.9466339945793152,0.9466339945793152,0.9466339945793152,4000,,,,,,,,,,,
fedavg,fedavg,434|504,434|504,2,434,data_4000_5_2.0_chordal,val_epoch_task,val,cycle2,68,,,,,,,,,,4000,1986.0,8.0,2006.0,0.0,0.995987963891675,1.0,0.9979899525642395,0.9979899525642395,0.9979899525642395,1986.0,0.4964999854564667
fedavg,fedavg,434|504,434|504,2,434,data_4000_5_2.0_chordal,val_epoch_task,val,cycle3,68,,,,,,,,,,4000,1985.0,12.0,2001.0,2.0,0.9939909864797196,0.9989934574735783,0.9964858889579773,0.9964858889579773,0.9964858889579773,1987.0,0.49674999713897705
fedavg,fedavg,434|504,434|504,2,434,data_4000_5_2.0_chordal,val_epoch_task,val,cycle4,68,,,,,,,,,,4000,1722.0,22.0,2215.0,41.0,0.9873853211009175,0.9767441860465116,0.9820359945297241,0.9820359945297241,0.9820359945297241,1763.0,0.44075000286102295
fedavg,fedavg,434|504,434|504,2,434,data_4000_5_2.0_chordal,val_epoch_task,val,cycle5,68,,,,,,,,,,4000,1433.0,146.0,2329.0,92.0,0.9075364154528183,0.939672131147541,0.9233247637748718,0.9233247637748718,0.9233247637748718,1525.0,0.3812499940395355
fedavg,fedavg,434|504,434|504,2,434,data_4000_5_2.0_chordal,val_epoch_task,val,cycle6,68,,,,,,,,,,4000,980.0,233.0,2628.0,159.0,0.807914262159934,0.8604038630377524,0.8333333730697632,0.8333333730697632,0.8333333730697632,1139.0,0.2847500145435333
fedavg,fedavg,434|504,434|504,2,504,data_2000_3_11_chordal,train_epoch,train,,68,1.0,0.11403556136926636,,,,,,,,2000,,,,,,,,,,,
fedavg,fedavg,434|504,434|504,2,504,data_2000_3_11_chordal,train_epoch,train,,68,2.0,0.09782136705517769,,,,,,,,2000,,,,,,,,,,,
fedavg,fedavg,434|504,434|504,2,504,data_2000_3_11_chordal,train_epoch,train,,68,3.0,0.0928738679587841,,,,,,,,2000,,,,,,,,,,,
fedavg,fedavg,434|504,434|504,2,504,data_2000_3_11_chordal,train_epoch,train,,68,4.0,0.09467732910439372,,,,,,,,2000,,,,,,,,,,,
fedavg,fedavg,434|504,434|504,2,504,data_2000_3_11_chordal,train_epoch,train,,68,5.0,0.09157204439118505,,,,,,,,2000,,,,,,,,,,,
fedavg,fedavg,434|504,434|504,2,504,data_2000_3_11_chordal,val_epoch,val,,68,,,0.13321824413901778,0.9768,0.906499981880188,0.8614097968936678,0.887057900428772,0.887057900428772,0.887057900428772,2000,,,,,,,,,,,
fedavg,fedavg,434|504,434|504,2,504,data_2000_3_11_chordal,val_epoch_task,val,cycle2,68,,,,,,,,,,2000,82.0,2.0,1916.0,0.0,0.9761904761904762,1.0,0.9879518151283264,0.9879518151283264,0.9879518151283264,82.0,0.04100000113248825
fedavg,fedavg,434|504,434|504,2,504,data_2000_3_11_chordal,val_epoch_task,val,cycle3,68,,,,,,,,,,2000,128.0,22.0,1850.0,0.0,0.8533333333333334,1.0,0.9208633303642273,0.9208633303642273,0.9208633303642273,128.0,0.06400000303983688
fedavg,fedavg,434|504,434|504,2,504,data_2000_3_11_chordal,val_epoch_task,val,cycle4,68,,,,,,,,,,2000,157.0,16.0,1827.0,0.0,0.9075144508670521,1.0,0.9515151381492615,0.9515151381492615,0.9515151381492615,157.0,0.07850000262260437
fedavg,fedavg,434|504,434|504,2,504,data_2000_3_11_chordal,val_epoch_task,val,cycle5,68,,,,,,,,,,2000,186.0,70.0,1743.0,1.0,0.7265625,0.9946524064171123,0.8397290706634521,0.8397290706634521,0.8397290706634521,187.0,0.09350000321865082
fedavg,fedavg,434|504,434|504,2,504,data_2000_3_11_chordal,val_epoch_task,val,cycle6,68,,,,,,,,,,2000,168.0,106.0,1711.0,15.0,0.6131386861313869,0.9180327868852459,0.7352297902107239,0.7352297902107239,0.7352297902107239,183.0,0.09149999916553497
fedavg,fedavg,434|504,434|504,2,434,data_4000_5_2.0_chordal,global_val_client,val,,68,,,0.15980826950073243,0.9463,0.7854999899864197,0.9393083182640144,0.928989052772522,0.928989052772522,0.928989052772522,4000,,,,,,,,,,,
fedavg,fedavg,434|504,434|504,2,434,data_4000_5_2.0_chordal,global_val_client_task,val,cycle2,68,,,,,,,,,,4000,1986.0,4.0,2010.0,0.0,0.9979899497487437,1.0,0.998993992805481,0.998993992805481,0.998993992805481,1986.0,0.4964999854564667
fedavg,fedavg,434|504,434|504,2,434,data_4000_5_2.0_chordal,global_val_client_task,val,cycle3,68,,,,,,,,,,4000,1987.0,20.0,1993.0,0.0,0.9900348779272546,1.0,0.9949924945831299,0.9949924945831299,0.9949924945831299,1987.0,0.49674999713897705
fedavg,fedavg,434|504,434|504,2,434,data_4000_5_2.0_chordal,global_val_client_task,val,cycle4,68,,,,,,,,,,4000,1755.0,103.0,2134.0,8.0,0.9445640473627557,0.9954622802041974,0.9693455100059509,0.9693455100059509,0.9693455100059509,1763.0,0.44075000286102295
fedavg,fedavg,434|504,434|504,2,434,data_4000_5_2.0_chordal,global_val_client_task,val,cycle5,68,,,,,,,,,,4000,1510.0,366.0,2109.0,15.0,0.8049040511727079,0.9901639344262295,0.8879740834236145,0.8879740834236145,0.8879740834236145,1525.0,0.3812499940395355
fedavg,fedavg,434|504,434|504,2,434,data_4000_5_2.0_chordal,global_val_client_task,val,cycle6,68,,,,,,,,,,4000,1073.0,492.0,2369.0,66.0,0.6856230031948882,0.9420544337137841,0.7936390042304993,0.7936390042304993,0.7936390042304993,1139.0,0.2847500145435333
fedavg,fedavg,434|504,434|504,2,504,data_2000_3_11_chordal,global_val_client,val,,68,,,0.1539250674173236,0.9831,0.9279999732971191,0.8940438871473354,0.9068339467048645,0.9068339467048645,0.9068339467048645,2000,,,,,,,,,,,
fedavg,fedavg,434|504,434|504,2,504,data_2000_3_11_chordal,global_val_client_task,val,cycle2,68,,,,,,,,,,2000,82.0,9.0,1909.0,0.0,0.9010989010989011,1.0,0.94797682762146,0.94797682762146,0.94797682762146,82.0,0.04100000113248825
fedavg,fedavg,434|504,434|504,2,504,data_2000_3_11_chordal,global_val_client_task,val,cycle3,68,,,,,,,,,,2000,128.0,10.0,1862.0,0.0,0.927536231884058,1.0,0.9624060392379761,0.9624060392379761,0.9624060392379761,128.0,0.06400000303983688
fedavg,fedavg,434|504,434|504,2,504,data_2000_3_11_chordal,global_val_client_task,val,cycle4,68,,,,,,,,,,2000,152.0,17.0,1826.0,5.0,0.8994082840236687,0.9681528662420382,0.9325153827667236,0.9325153827667236,0.9325153827667236,157.0,0.07850000262260437
fedavg,fedavg,434|504,434|504,2,504,data_2000_3_11_chordal,global_val_client_task,val,cycle5,68,,,,,,,,,,2000,181.0,50.0,1763.0,6.0,0.7835497835497836,0.9679144385026738,0.8660286664962769,0.8660286664962769,0.8660286664962769,187.0,0.09350000321865082
fedavg,fedavg,434|504,434|504,2,504,data_2000_3_11_chordal,global_val_client_task,val,cycle6,68,,,,,,,,,,2000,170.0,59.0,1758.0,13.0,0.74235807860262,0.9289617486338798,0.8252427577972412,0.8252427577972412,0.8252427577972412,183.0,0.09149999916553497
fedavg,fedavg,434|504,434|504,2,all,all,global_val_mean,val,,68,,,0.15784720213959613,0.9585666666666668,0.8329999844233195,0.9242201745584546,0.9216040174166361,0.9216040174166361,0.9216040174166361,6000,,,,,,,,,,,
fedavg,fedavg,434|504,434|504,2,434,data_4000_5_2.0_chordal,train_epoch,train,,69,1.0,0.05453273501992226,,,,,,,,4000,,,,,,,,,,,
fedavg,fedavg,434|504,434|504,2,434,data_4000_5_2.0_chordal,train_epoch,train,,69,2.0,0.060600568383932116,,,,,,,,4000,,,,,,,,,,,
fedavg,fedavg,434|504,434|504,2,434,data_4000_5_2.0_chordal,train_epoch,train,,69,3.0,0.054719321981072426,,,,,,,,4000,,,,,,,,,,,
fedavg,fedavg,434|504,434|504,2,434,data_4000_5_2.0_chordal,train_epoch,train,,69,4.0,0.06448904812335968,,,,,,,,4000,,,,,,,,,,,
fedavg,fedavg,434|504,434|504,2,434,data_4000_5_2.0_chordal,train_epoch,train,,69,5.0,0.05990718823671341,,,,,,,,4000,,,,,,,,,,,
fedavg,fedavg,434|504,434|504,2,434,data_4000_5_2.0_chordal,val_epoch,val,,69,,,0.135512890458107,0.96145,0.8367499709129333,0.9545159577606042,0.9426019787788391,0.9426019787788391,0.9426019787788391,4000,,,,,,,,,,,
fedavg,fedavg,434|504,434|504,2,434,data_4000_5_2.0_chordal,val_epoch_task,val,cycle2,69,,,,,,,,,,4000,1985.0,9.0,2005.0,1.0,0.9954864593781344,0.999496475327291,0.9974873661994934,0.9974873661994934,0.9974873661994934,1986.0,0.4964999854564667
fedavg,fedavg,434|504,434|504,2,434,data_4000_5_2.0_chordal,val_epoch_task,val,cycle3,69,,,,,,,,,,4000,1978.0,20.0,1993.0,9.0,0.98998998998999,0.9954705586311021,0.992722749710083,0.992722749710083,0.992722749710083,1987.0,0.49674999713897705
fedavg,fedavg,434|504,434|504,2,434,data_4000_5_2.0_chordal,val_epoch_task,val,cycle4,69,,,,,,,,,,4000,1724.0,19.0,2218.0,39.0,0.9890992541594952,0.9778786159954623,0.9834569692611694,0.9834569692611694,0.9834569692611694,1763.0,0.44075000286102295
fedavg,fedavg,434|504,434|504,2,434,data_4000_5_2.0_chordal,val_epoch_task,val,cycle5,69,,,,,,,,,,4000,1462.0,215.0,2260.0,63.0,0.8717948717948718,0.958688524590164,0.9131792187690735,0.9131792187690735,0.9131792187690735,1525.0,0.3812499940395355
fedavg,fedavg,434|504,434|504,2,434,data_4000_5_2.0_chordal,val_epoch_task,val,cycle6,69,,,,,,,,,,4000,941.0,198.0,2663.0,198.0,0.8261633011413521,0.8261633011413521,0.8261632919311523,0.8261632919311523,0.8261632919311523,1139.0,0.2847500145435333
fedavg,fedavg,434|504,434|504,2,504,data_2000_3_11_chordal,train_epoch,train,,69,1.0,0.09309983593225479,,,,,,,,2000,,,,,,,,,,,
fedavg,fedavg,434|504,434|504,2,504,data_2000_3_11_chordal,train_epoch,train,,69,2.0,0.11552525092801079,,,,,,,,2000,,,,,,,,,,,
fedavg,fedavg,434|504,434|504,2,504,data_2000_3_11_chordal,train_epoch,train,,69,3.0,0.09921871051192284,,,,,,,,2000,,,,,,,,,,,
fedavg,fedavg,434|504,434|504,2,504,data_2000_3_11_chordal,train_epoch,train,,69,4.0,0.12072511426545679,,,,,,,,2000,,,,,,,,,,,
fedavg,fedavg,434|504,434|504,2,504,data_2000_3_11_chordal,train_epoch,train,,69,5.0,0.08978053057193756,,,,,,,,2000,,,,,,,,,,,
fedavg,fedavg,434|504,434|504,2,504,data_2000_3_11_chordal,val_epoch,val,,69,,,0.14036897061765194,0.9784,0.9150000214576721,0.8692493946731236,0.8868446350097656,0.8868446350097656,0.8868446350097656,2000,,,,,,,,,,,
fedavg,fedavg,434|504,434|504,2,504,data_2000_3_11_chordal,val_epoch_task,val,cycle2,69,,,,,,,,,,2000,82.0,7.0,1911.0,0.0,0.9213483146067416,1.0,0.9590643644332886,0.9590643644332886,0.9590643644332886,82.0,0.04100000113248825
fedavg,fedavg,434|504,434|504,2,504,data_2000_3_11_chordal,val_epoch_task,val,cycle3,69,,,,,,,,,,2000,127.0,18.0,1854.0,1.0,0.8758620689655172,0.9921875,0.9304028749465942,0.9304028749465942,0.9304028749465942,128.0,0.06400000303983688
fedavg,fedavg,434|504,434|504,2,504,data_2000_3_11_chordal,val_epoch_task,val,cycle4,69,,,,,,,,,,2000,155.0,27.0,1816.0,2.0,0.8516483516483516,0.9872611464968153,0.9144542813301086,0.9144542813301086,0.9144542813301086,157.0,0.07850000262260437
fedavg,fedavg,434|504,434|504,2,504,data_2000_3_11_chordal,val_epoch_task,val,cycle5,69,,,,,,,,,,2000,184.0,59.0,1754.0,3.0,0.757201646090535,0.983957219251337,0.8558139801025391,0.8558139801025391,0.8558139801025391,187.0,0.09350000321865082
fedavg,fedavg,434|504,434|504,2,504,data_2000_3_11_chordal,val_epoch_task,val,cycle6,69,,,,,,,,,,2000,170.0,86.0,1731.0,13.0,0.6640625,0.9289617486338798,0.7744874358177185,0.7744874358177185,0.7744874358177185,183.0,0.09149999916553497
fedavg,fedavg,434|504,434|504,2,434,data_4000_5_2.0_chordal,global_val_client,val,,69,,,0.15010835683345794,0.9502,0.7990000247955322,0.9436332767402377,0.9342122077941895,0.9342122077941895,0.9342122077941895,4000,,,,,,,,,,,
fedavg,fedavg,434|504,434|504,2,434,data_4000_5_2.0_chordal,global_val_client_task,val,cycle2,69,,,,,,,,,,4000,1986.0,9.0,2005.0,0.0,0.9954887218045113,1.0,0.9977392554283142,0.9977392554283142,0.9977392554283142,1986.0,0.4964999854564667
fedavg,fedavg,434|504,434|504,2,434,data_4000_5_2.0_chordal,global_val_client_task,val,cycle3,69,,,,,,,,,,4000,1986.0,22.0,1991.0,1.0,0.9890438247011952,0.9994967287367891,0.9942428469657898,0.9942428469657898,0.9942428469657898,1987.0,0.49674999713897705
fedavg,fedavg,434|504,434|504,2,434,data_4000_5_2.0_chordal,global_val_client_task,val,cycle4,69,,,,,,,,,,4000,1757.0,104.0,2133.0,6.0,0.9441160666308437,0.996596710153148,0.9696468114852905,0.9696468114852905,0.9696468114852905,1763.0,0.44075000286102295
fedavg,fedavg,434|504,434|504,2,434,data_4000_5_2.0_chordal,global_val_client_task,val,cycle5,69,,,,,,,,,,4000,1514.0,346.0,2129.0,11.0,0.8139784946236559,0.9927868852459016,0.8945347666740417,0.8945347666740417,0.8945347666740417,1525.0,0.3812499940395355
fedavg,fedavg,434|504,434|504,2,434,data_4000_5_2.0_chordal,global_val_client_task,val,cycle6,69,,,,,,,,,,4000,1094.0,452.0,2409.0,45.0,0.7076326002587322,0.9604916593503073,0.8148975968360901,0.8148975968360901,0.8148975968360901,1139.0,0.2847500145435333
fedavg,fedavg,434|504,434|504,2,504,data_2000_3_11_chordal,global_val_client,val,,69,,,0.21519975149491802,0.9794,0.9179999828338623,0.8714107365792759,0.887039065361023,0.887039065361023,0.887039065361023,2000,,,,,,,,,,,
fedavg,fedavg,434|504,434|504,2,504,data_2000_3_11_chordal,global_val_client_task,val,cycle2,69,,,,,,,,,,2000,82.0,11.0,1907.0,0.0,0.8817204301075269,1.0,0.9371428489685059,0.9371428489685059,0.9371428489685059,82.0,0.04100000113248825
fedavg,fedavg,434|504,434|504,2,504,data_2000_3_11_chordal,global_val_client_task,val,cycle3,69,,,,,,,,,,2000,127.0,10.0,1862.0,1.0,0.927007299270073,0.9921875,0.9584905505180359,0.9584905505180359,0.9584905505180359,128.0,0.06400000303983688
fedavg,fedavg,434|504,434|504,2,504,data_2000_3_11_chordal,global_val_client_task,val,cycle4,69,,,,,,,,,,2000,151.0,22.0,1821.0,6.0,0.8728323699421965,0.9617834394904459,0.9151515364646912,0.9151515364646912,0.9151515364646912,157.0,0.07850000262260437
fedavg,fedavg,434|504,434|504,2,504,data_2000_3_11_chordal,global_val_client_task,val,cycle5,69,,,,,,,,,,2000,177.0,56.0,1757.0,10.0,0.759656652360515,0.946524064171123,0.8428571820259094,0.8428571820259094,0.8428571820259094,187.0,0.09350000321865082
fedavg,fedavg,434|504,434|504,2,504,data_2000_3_11_chordal,global_val_client_task,val,cycle6,69,,,,,,,,,,2000,161.0,68.0,1749.0,22.0,0.7030567685589519,0.8797814207650273,0.7815533876419067,0.7815533876419067,0.7815533876419067,183.0,0.09149999916553497
fedavg,fedavg,434|504,434|504,2,all,all,global_val_mean,val,,69,,,0.17180548838727797,0.9599333333333334,0.8386666774749756,0.9195590966865838,0.9184878269831339,0.9184878269831339,0.9184878269831339,6000,,,,,,,,,,,
fedavg,fedavg,434|504,434|504,2,434,data_4000_5_2.0_chordal,train_epoch,train,,70,1.0,0.06066447503864765,,,,,,,,4000,,,,,,,,,,,
fedavg,fedavg,434|504,434|504,2,434,data_4000_5_2.0_chordal,train_epoch,train,,70,2.0,0.051632350578904154,,,,,,,,4000,,,,,,,,,,,
fedavg,fedavg,434|504,434|504,2,434,data_4000_5_2.0_chordal,train_epoch,train,,70,3.0,0.05384397625923157,,,,,,,,4000,,,,,,,,,,,
fedavg,fedavg,434|504,434|504,2,434,data_4000_5_2.0_chordal,train_epoch,train,,70,4.0,0.058847784847021106,,,,,,,,4000,,,,,,,,,,,
fedavg,fedavg,434|504,434|504,2,434,data_4000_5_2.0_chordal,train_epoch,train,,70,5.0,0.060093820720911025,,,,,,,,4000,,,,,,,,,,,
fedavg,fedavg,434|504,434|504,2,434,data_4000_5_2.0_chordal,val_epoch,val,,70,,,0.13600729286670685,0.96215,0.8367499709129333,0.9554679687040414,0.9447476267814636,0.9447476267814636,0.9447476267814636,4000,,,,,,,,,,,
fedavg,fedavg,434|504,434|504,2,434,data_4000_5_2.0_chordal,val_epoch_task,val,cycle2,70,,,,,,,,,,4000,1981.0,8.0,2006.0,5.0,0.9959778783308195,0.9974823766364552,0.9967296123504639,0.9967296123504639,0.9967296123504639,1986.0,0.4964999854564667
fedavg,fedavg,434|504,434|504,2,434,data_4000_5_2.0_chordal,val_epoch_task,val,cycle3,70,,,,,,,,,,4000,1980.0,9.0,2004.0,7.0,0.995475113122172,0.9964771011575239,0.9959758520126343,0.9959758520126343,0.9959758520126343,1987.0,0.49674999713897705
fedavg,fedavg,434|504,434|504,2,434,data_4000_5_2.0_chordal,val_epoch_task,val,cycle4,70,,,,,,,,,,4000,1700.0,24.0,2213.0,63.0,0.9860788863109049,0.9642654566080544,0.975050151348114,0.975050151348114,0.975050151348114,1763.0,0.44075000286102295
fedavg,fedavg,434|504,434|504,2,434,data_4000_5_2.0_chordal,val_epoch_task,val,cycle5,70,,,,,,,,,,4000,1462.0,160.0,2315.0,63.0,0.9013563501849569,0.958688524590164,0.9291388392448425,0.9291388392448425,0.9291388392448425,1525.0,0.3812499940395355
fedavg,fedavg,434|504,434|504,2,434,data_4000_5_2.0_chordal,val_epoch_task,val,cycle6,70,,,,,,,,,,4000,998.0,277.0,2584.0,141.0,0.7827450980392157,0.8762071992976295,0.8268434405326843,0.8268434405326843,0.8268434405326843,1139.0,0.2847500145435333
fedavg,fedavg,434|504,434|504,2,504,data_2000_3_11_chordal,train_epoch,train,,70,1.0,0.1265228698849678,,,,,,,,2000,,,,,,,,,,,
fedavg,fedavg,434|504,434|504,2,504,data_2000_3_11_chordal,train_epoch,train,,70,2.0,0.09918645858764648,,,,,,,,2000,,,,,,,,,,,
fedavg,fedavg,434|504,434|504,2,504,data_2000_3_11_chordal,train_epoch,train,,70,3.0,0.1144590281844139,,,,,,,,2000,,,,,,,,,,,
fedavg,fedavg,434|504,434|504,2,504,data_2000_3_11_chordal,train_epoch,train,,70,4.0,0.12093337827175855,,,,,,,,2000,,,,,,,,,,,
fedavg,fedavg,434|504,434|504,2,504,data_2000_3_11_chordal,train_epoch,train,,70,5.0,0.09588531251356472,,,,,,,,2000,,,,,,,,,,,
fedavg,fedavg,434|504,434|504,2,504,data_2000_3_11_chordal,val_epoch,val,,70,,,0.12106813252717256,0.9737,0.8989999890327454,0.8478889531521111,0.8749490976333618,0.8749490976333618,0.8749490976333618,2000,,,,,,,,,,,
fedavg,fedavg,434|504,434|504,2,504,data_2000_3_11_chordal,val_epoch_task,val,cycle2,70,,,,,,,,,,2000,82.0,9.0,1909.0,0.0,0.9010989010989011,1.0,0.94797682762146,0.94797682762146,0.94797682762146,82.0,0.04100000113248825
fedavg,fedavg,434|504,434|504,2,504,data_2000_3_11_chordal,val_epoch_task,val,cycle3,70,,,,,,,,,,2000,128.0,7.0,1865.0,0.0,0.9481481481481482,1.0,0.9733840227127075,0.9733840227127075,0.9733840227127075,128.0,0.06400000303983688
fedavg,fedavg,434|504,434|504,2,504,data_2000_3_11_chordal,val_epoch_task,val,cycle4,70,,,,,,,,,,2000,154.0,34.0,1809.0,3.0,0.8191489361702128,0.9808917197452229,0.8927536010742188,0.8927536010742188,0.8927536010742188,157.0,0.07850000262260437
fedavg,fedavg,434|504,434|504,2,504,data_2000_3_11_chordal,val_epoch_task,val,cycle5,70,,,,,,,,,,2000,187.0,80.0,1733.0,0.0,0.700374531835206,1.0,0.8237885236740112,0.8237885236740112,0.8237885236740112,187.0,0.09350000321865082
fedavg,fedavg,434|504,434|504,2,504,data_2000_3_11_chordal,val_epoch_task,val,cycle6,70,,,,,,,,,,2000,182.0,129.0,1688.0,1.0,0.5852090032154341,0.994535519125683,0.7368420958518982,0.7368420958518982,0.7368420958518982,183.0,0.09149999916553497
fedavg,fedavg,434|504,434|504,2,434,data_4000_5_2.0_chordal,global_val_client,val,,70,,,0.1586153656244278,0.9481,0.7925000190734863,0.9414419496784385,0.931738555431366,0.931738555431366,0.931738555431366,4000,,,,,,,,,,,
fedavg,fedavg,434|504,434|504,2,434,data_4000_5_2.0_chordal,global_val_client_task,val,cycle2,70,,,,,,,,,,4000,1986.0,6.0,2008.0,0.0,0.9969879518072289,1.0,0.9984917044639587,0.9984917044639587,0.9984917044639587,1986.0,0.4964999854564667
fedavg,fedavg,434|504,434|504,2,434,data_4000_5_2.0_chordal,global_val_client_task,val,cycle3,70,,,,,,,,,,4000,1986.0,11.0,2002.0,1.0,0.9944917376064096,0.9994967287367891,0.9969879984855652,0.9969879984855652,0.9969879984855652,1987.0,0.49674999713897705
fedavg,fedavg,434|504,434|504,2,434,data_4000_5_2.0_chordal,global_val_client_task,val,cycle4,70,,,,,,,,,,4000,1754.0,69.0,2168.0,9.0,0.9621503017004936,0.994895065229722,0.9782487154006958,0.9782487154006958,0.9782487154006958,1763.0,0.44075000286102295
fedavg,fedavg,434|504,434|504,2,434,data_4000_5_2.0_chordal,global_val_client_task,val,cycle5,70,,,,,,,,,,4000,1512.0,324.0,2151.0,13.0,0.8235294117647058,0.9914754098360655,0.899732232093811,0.899732232093811,0.899732232093811,1525.0,0.3812499940395355
fedavg,fedavg,434|504,434|504,2,434,data_4000_5_2.0_chordal,global_val_client_task,val,cycle6,70,,,,,,,,,,4000,1106.0,572.0,2289.0,33.0,0.6591179976162098,0.971027216856892,0.7852324843406677,0.7852324843406677,0.7852324843406677,1139.0,0.2847500145435333
fedavg,fedavg,434|504,434|504,2,504,data_2000_3_11_chordal,global_val_client,val,,70,,,0.13018637209385633,0.9843,0.9334999918937683,0.9019362898188632,0.9183591604232788,0.9183591604232788,0.9183591604232788,2000,,,,,,,,,,,
fedavg,fedavg,434|504,434|504,2,504,data_2000_3_11_chordal,global_val_client_task,val,cycle2,70,,,,,,,,,,2000,82.0,3.0,1915.0,0.0,0.9647058823529412,1.0,0.9820358753204346,0.9820358753204346,0.9820358753204346,82.0,0.04100000113248825
fedavg,fedavg,434|504,434|504,2,504,data_2000_3_11_chordal,global_val_client_task,val,cycle3,70,,,,,,,,,,2000,128.0,8.0,1864.0,0.0,0.9411764705882353,1.0,0.9696969985961914,0.9696969985961914,0.9696969985961914,128.0,0.06400000303983688
fedavg,fedavg,434|504,434|504,2,504,data_2000_3_11_chordal,global_val_client_task,val,cycle4,70,,,,,,,,,,2000,155.0,17.0,1826.0,2.0,0.9011627906976745,0.9872611464968153,0.9422492980957031,0.9422492980957031,0.9422492980957031,157.0,0.07850000262260437
fedavg,fedavg,434|504,434|504,2,504,data_2000_3_11_chordal,global_val_client_task,val,cycle5,70,,,,,,,,,,2000,184.0,51.0,1762.0,3.0,0.7829787234042553,0.983957219251337,0.872037947177887,0.872037947177887,0.872037947177887,187.0,0.09350000321865082
fedavg,fedavg,434|504,434|504,2,504,data_2000_3_11_chordal,global_val_client_task,val,cycle6,70,,,,,,,,,,2000,173.0,63.0,1754.0,10.0,0.7330508474576272,0.9453551912568307,0.8257756233215332,0.8257756233215332,0.8257756233215332,183.0,0.09149999916553497
fedavg,fedavg,434|504,434|504,2,all,all,global_val_mean,val,,70,,,0.14913903444757065,0.9601666666666666,0.8395000100135803,0.9282733963919134,0.9272787570953369,0.9272787570953369,0.9272787570953369,6000,,,,,,,,,,,
fedavg,fedavg,434|504,434|504,2,434,data_4000_5_2.0_chordal,train_epoch,train,,71,1.0,0.0609125434756279,,,,,,,,4000,,,,,,,,,,,
fedavg,fedavg,434|504,434|504,2,434,data_4000_5_2.0_chordal,train_epoch,train,,71,2.0,0.06107864432036877,,,,,,,,4000,,,,,,,,,,,
fedavg,fedavg,434|504,434|504,2,434,data_4000_5_2.0_chordal,train_epoch,train,,71,3.0,0.055818197667598726,,,,,,,,4000,,,,,,,,,,,
fedavg,fedavg,434|504,434|504,2,434,data_4000_5_2.0_chordal,train_epoch,train,,71,4.0,0.05933426781743765,,,,,,,,4000,,,,,,,,,,,
fedavg,fedavg,434|504,434|504,2,434,data_4000_5_2.0_chordal,train_epoch,train,,71,5.0,0.05822437870502472,,,,,,,,4000,,,,,,,,,,,
fedavg,fedavg,434|504,434|504,2,434,data_4000_5_2.0_chordal,val_epoch,val,,71,,,0.1533920350074768,0.9553,0.815750002861023,0.9486265946442937,0.9385056495666504,0.9385056495666504,0.9385056495666504,4000,,,,,,,,,,,
fedavg,fedavg,434|504,434|504,2,434,data_4000_5_2.0_chordal,val_epoch_task,val,cycle2,71,,,,,,,,,,4000,1984.0,9.0,2005.0,2.0,0.9954841946813848,0.998992950654582,0.9972354769706726,0.9972354769706726,0.9972354769706726,1986.0,0.4964999854564667
fedavg,fedavg,434|504,434|504,2,434,data_4000_5_2.0_chordal,val_epoch_task,val,cycle3,71,,,,,,,,,,4000,1970.0,11.0,2002.0,17.0,0.99444724886421,0.9914443885254152,0.9929435849189758,0.9929435849189758,0.9929435849189758,1987.0,0.49674999713897705
fedavg,fedavg,434|504,434|504,2,434,data_4000_5_2.0_chordal,val_epoch_task,val,cycle4,71,,,,,,,,,,4000,1745.0,40.0,2197.0,18.0,0.9775910364145658,0.9897901304594441,0.9836527109146118,0.9836527109146118,0.9836527109146118,1763.0,0.44075000286102295
fedavg,fedavg,434|504,434|504,2,434,data_4000_5_2.0_chordal,val_epoch_task,val,cycle5,71,,,,,,,,,,4000,1489.0,235.0,2240.0,36.0,0.8636890951276102,0.9763934426229508,0.9165896773338318,0.9165896773338318,0.9165896773338318,1525.0,0.3812499940395355
fedavg,fedavg,434|504,434|504,2,434,data_4000_5_2.0_chordal,val_epoch_task,val,cycle6,71,,,,,,,,,,4000,1066.0,453.0,2408.0,73.0,0.7017774851876234,0.935908691834943,0.8021067976951599,0.8021067976951599,0.8021067976951599,1139.0,0.2847500145435333
fedavg,fedavg,434|504,434|504,2,504,data_2000_3_11_chordal,train_epoch,train,,71,1.0,0.17415060395002366,,,,,,,,2000,,,,,,,,,,,
fedavg,fedavg,434|504,434|504,2,504,data_2000_3_11_chordal,train_epoch,train,,71,2.0,0.09076211044192314,,,,,,,,2000,,,,,,,,,,,
fedavg,fedavg,434|504,434|504,2,504,data_2000_3_11_chordal,train_epoch,train,,71,3.0,0.10313760089874267,,,,,,,,2000,,,,,,,,,,,
fedavg,fedavg,434|504,434|504,2,504,data_2000_3_11_chordal,train_epoch,train,,71,4.0,0.08334772244095802,,,,,,,,2000,,,,,,,,,,,
fedavg,fedavg,434|504,434|504,2,504,data_2000_3_11_chordal,train_epoch,train,,71,5.0,0.07882572543621064,,,,,,,,2000,,,,,,,,,,,
fedavg,fedavg,434|504,434|504,2,504,data_2000_3_11_chordal,val_epoch,val,,71,,,0.11299869865179062,0.9784,0.9154999852180481,0.8701923076923076,0.8888772130012512,0.8888772130012512,0.8888772130012512,2000,,,,,,,,,,,
fedavg,fedavg,434|504,434|504,2,504,data_2000_3_11_chordal,val_epoch_task,val,cycle2,71,,,,,,,,,,2000,82.0,7.0,1911.0,0.0,0.9213483146067416,1.0,0.9590643644332886,0.9590643644332886,0.9590643644332886,82.0,0.04100000113248825
fedavg,fedavg,434|504,434|504,2,504,data_2000_3_11_chordal,val_epoch_task,val,cycle3,71,,,,,,,,,,2000,128.0,12.0,1860.0,0.0,0.9142857142857143,1.0,0.9552239179611206,0.9552239179611206,0.9552239179611206,128.0,0.06400000303983688
fedavg,fedavg,434|504,434|504,2,504,data_2000_3_11_chordal,val_epoch_task,val,cycle4,71,,,,,,,,,,2000,152.0,33.0,1810.0,5.0,0.8216216216216217,0.9681528662420382,0.888888955116272,0.888888955116272,0.888888955116272,157.0,0.07850000262260437
fedavg,fedavg,434|504,434|504,2,504,data_2000_3_11_chordal,val_epoch_task,val,cycle5,71,,,,,,,,,,2000,184.0,61.0,1752.0,3.0,0.7510204081632653,0.983957219251337,0.8518518805503845,0.8518518805503845,0.8518518805503845,187.0,0.09350000321865082
fedavg,fedavg,434|504,434|504,2,504,data_2000_3_11_chordal,val_epoch_task,val,cycle6,71,,,,,,,,,,2000,178.0,90.0,1727.0,5.0,0.664179104477612,0.9726775956284153,0.7893569469451904,0.7893569469451904,0.7893569469451904,183.0,0.09149999916553497
fedavg,fedavg,434|504,434|504,2,434,data_4000_5_2.0_chordal,global_val_client,val,,71,,,0.1752403266429901,0.9435,0.7787500023841858,0.9365382455352128,0.9267660975456238,0.9267660975456238,0.9267660975456238,4000,,,,,,,,,,,
fedavg,fedavg,434|504,434|504,2,434,data_4000_5_2.0_chordal,global_val_client_task,val,cycle2,71,,,,,,,,,,4000,1985.0,13.0,2001.0,1.0,0.9934934934934935,0.999496475327291,0.9964858889579773,0.9964858889579773,0.9964858889579773,1986.0,0.4964999854564667
fedavg,fedavg,434|504,434|504,2,434,data_4000_5_2.0_chordal,global_val_client_task,val,cycle3,71,,,,,,,,,,4000,1985.0,15.0,1998.0,2.0,0.9925,0.9989934574735783,0.9957361817359924,0.9957361817359924,0.9957361817359924,1987.0,0.49674999713897705
fedavg,fedavg,434|504,434|504,2,434,data_4000_5_2.0_chordal,global_val_client_task,val,cycle4,71,,,,,,,,,,4000,1755.0,160.0,2077.0,8.0,0.9164490861618799,0.9954622802041974,0.9543229937553406,0.9543229937553406,0.9543229937553406,1763.0,0.44075000286102295
fedavg,fedavg,434|504,434|504,2,434,data_4000_5_2.0_chordal,global_val_client_task,val,cycle5,71,,,,,,,,,,4000,1513.0,331.0,2144.0,12.0,0.8204989154013015,0.9921311475409836,0.8981893658638,0.8981893658638,0.8981893658638,1525.0,0.3812499940395355
fedavg,fedavg,434|504,434|504,2,434,data_4000_5_2.0_chordal,global_val_client_task,val,cycle6,71,,,,,,,,,,4000,1100.0,549.0,2312.0,39.0,0.667070952092177,0.9657594381035997,0.7890961170196533,0.7890961170196533,0.7890961170196533,1139.0,0.2847500145435333
fedavg,fedavg,434|504,434|504,2,504,data_2000_3_11_chordal,global_val_client,val,,71,,,0.1270170461535454,0.9819,0.9240000247955322,0.8883405305367057,0.901260256767273,0.901260256767273,0.901260256767273,2000,,,,,,,,,,,
fedavg,fedavg,434|504,434|504,2,504,data_2000_3_11_chordal,global_val_client_task,val,cycle2,71,,,,,,,,,,2000,82.0,7.0,1911.0,0.0,0.9213483146067416,1.0,0.9590643644332886,0.9590643644332886,0.9590643644332886,82.0,0.04100000113248825
fedavg,fedavg,434|504,434|504,2,504,data_2000_3_11_chordal,global_val_client_task,val,cycle3,71,,,,,,,,,,2000,128.0,16.0,1856.0,0.0,0.8888888888888888,1.0,0.9411765336990356,0.9411765336990356,0.9411765336990356,128.0,0.06400000303983688
fedavg,fedavg,434|504,434|504,2,504,data_2000_3_11_chordal,global_val_client_task,val,cycle4,71,,,,,,,,,,2000,156.0,29.0,1814.0,1.0,0.8432432432432433,0.9936305732484076,0.9122807383537292,0.9122807383537292,0.9122807383537292,157.0,0.07850000262260437
fedavg,fedavg,434|504,434|504,2,504,data_2000_3_11_chordal,global_val_client_task,val,cycle5,71,,,,,,,,,,2000,184.0,47.0,1766.0,3.0,0.7965367965367965,0.983957219251337,0.8803828358650208,0.8803828358650208,0.8803828358650208,187.0,0.09350000321865082
fedavg,fedavg,434|504,434|504,2,504,data_2000_3_11_chordal,global_val_client_task,val,cycle6,71,,,,,,,,,,2000,170.0,65.0,1752.0,13.0,0.723404255319149,0.9289617486338798,0.8133971095085144,0.8133971095085144,0.8133971095085144,183.0,0.09149999916553497
fedavg,fedavg,434|504,434|504,2,all,all,global_val_mean,val,,71,,,0.1591658998131752,0.9563,0.8271666765213013,0.9204723405357105,0.9182641506195068,0.9182641506195068,0.9182641506195068,6000,,,,,,,,,,,
fedavg,fedavg,434|504,434|504,2,434,data_4000_5_2.0_chordal,train_epoch,train,,72,1.0,0.059378972515463826,,,,,,,,4000,,,,,,,,,,,
fedavg,fedavg,434|504,434|504,2,434,data_4000_5_2.0_chordal,train_epoch,train,,72,2.0,0.055472041472792624,,,,,,,,4000,,,,,,,,,,,
fedavg,fedavg,434|504,434|504,2,434,data_4000_5_2.0_chordal,train_epoch,train,,72,3.0,0.06513104331493377,,,,,,,,4000,,,,,,,,,,,
fedavg,fedavg,434|504,434|504,2,434,data_4000_5_2.0_chordal,train_epoch,train,,72,4.0,0.0553442138582468,,,,,,,,4000,,,,,,,,,,,
fedavg,fedavg,434|504,434|504,2,434,data_4000_5_2.0_chordal,train_epoch,train,,72,5.0,0.05469581557810307,,,,,,,,4000,,,,,,,,,,,
fedavg,fedavg,434|504,434|504,2,434,data_4000_5_2.0_chordal,val_epoch,val,,72,,,0.13276277768611908,0.9614,0.8360000252723694,0.9549276039234001,0.9436531066894531,0.9436531066894531,0.9436531066894531,4000,,,,,,,,,,,
fedavg,fedavg,434|504,434|504,2,434,data_4000_5_2.0_chordal,val_epoch_task,val,cycle2,72,,,,,,,,,,4000,1986.0,3.0,2011.0,0.0,0.9984917043740573,1.0,0.9992452263832092,0.9992452263832092,0.9992452263832092,1986.0,0.4964999854564667
fedavg,fedavg,434|504,434|504,2,434,data_4000_5_2.0_chordal,val_epoch_task,val,cycle3,72,,,,,,,,,,4000,1982.0,14.0,1999.0,5.0,0.9929859719438878,0.9974836436839456,0.9952297210693359,0.9952297210693359,0.9952297210693359,1987.0,0.49674999713897705
fedavg,fedavg,434|504,434|504,2,434,data_4000_5_2.0_chordal,val_epoch_task,val,cycle4,72,,,,,,,,,,4000,1750.0,63.0,2174.0,13.0,0.9652509652509652,0.9926262053318208,0.9787471890449524,0.9787471890449524,0.9787471890449524,1763.0,0.44075000286102295
fedavg,fedavg,434|504,434|504,2,434,data_4000_5_2.0_chordal,val_epoch_task,val,cycle5,72,,,,,,,,,,4000,1469.0,188.0,2287.0,56.0,0.8865419432709717,0.9632786885245902,0.9233186841011047,0.9233186841011047,0.9233186841011047,1525.0,0.3812499940395355
fedavg,fedavg,434|504,434|504,2,434,data_4000_5_2.0_chordal,val_epoch_task,val,cycle6,72,,,,,,,,,,4000,991.0,282.0,2579.0,148.0,0.7784760408483896,0.8700614574187884,0.8217247128486633,0.8217247128486633,0.8217247128486633,1139.0,0.2847500145435333
fedavg,fedavg,434|504,434|504,2,504,data_2000_3_11_chordal,train_epoch,train,,72,1.0,0.09468885488808156,,,,,,,,2000,,,,,,,,,,,
fedavg,fedavg,434|504,434|504,2,504,data_2000_3_11_chordal,train_epoch,train,,72,2.0,0.09959243589639663,,,,,,,,2000,,,,,,,,,,,
fedavg,fedavg,434|504,434|504,2,504,data_2000_3_11_chordal,train_epoch,train,,72,3.0,0.10905343770934268,,,,,,,,2000,,,,,,,,,,,
fedavg,fedavg,434|504,434|504,2,504,data_2000_3_11_chordal,train_epoch,train,,72,4.0,0.12825861157104373,,,,,,,,2000,,,,,,,,,,,
fedavg,fedavg,434|504,434|504,2,504,data_2000_3_11_chordal,train_epoch,train,,72,5.0,0.1095207840949297,,,,,,,,2000,,,,,,,,,,,
fedavg,fedavg,434|504,434|504,2,504,data_2000_3_11_chordal,val_epoch,val,,72,,,0.17946632277965546,0.9522,0.809499979019165,0.7541152263374485,0.7938397526741028,0.7938397526741028,0.7938397526741028,2000,,,,,,,,,,,
fedavg,fedavg,434|504,434|504,2,504,data_2000_3_11_chordal,val_epoch_task,val,cycle2,72,,,,,,,,,,2000,82.0,5.0,1913.0,0.0,0.9425287356321839,1.0,0.9704142212867737,0.9704142212867737,0.9704142212867737,82.0,0.04100000113248825
fedavg,fedavg,434|504,434|504,2,504,data_2000_3_11_chordal,val_epoch_task,val,cycle3,72,,,,,,,,,,2000,128.0,41.0,1831.0,0.0,0.757396449704142,1.0,0.8619528412818909,0.8619528412818909,0.8619528412818909,128.0,0.06400000303983688
fedavg,fedavg,434|504,434|504,2,504,data_2000_3_11_chordal,val_epoch_task,val,cycle4,72,,,,,,,,,,2000,156.0,123.0,1720.0,1.0,0.5591397849462365,0.9936305732484076,0.7155963778495789,0.7155963778495789,0.7155963778495789,157.0,0.07850000262260437
fedavg,fedavg,434|504,434|504,2,504,data_2000_3_11_chordal,val_epoch_task,val,cycle5,72,,,,,,,,,,2000,187.0,103.0,1710.0,0.0,0.6448275862068965,1.0,0.7840670943260193,0.7840670943260193,0.7840670943260193,187.0,0.09350000321865082
fedavg,fedavg,434|504,434|504,2,504,data_2000_3_11_chordal,val_epoch_task,val,cycle6,72,,,,,,,,,,2000,180.0,202.0,1615.0,3.0,0.4712041884816754,0.9836065573770492,0.6371681690216064,0.6371681690216064,0.6371681690216064,183.0,0.09149999916553497
fedavg,fedavg,434|504,434|504,2,434,data_4000_5_2.0_chordal,global_val_client,val,,72,,,0.22032818388938905,0.92675,0.7212499976158142,0.9194125089388855,0.9095914959907532,0.9095914959907532,0.9095914959907532,4000,,,,,,,,,,,
fedavg,fedavg,434|504,434|504,2,434,data_4000_5_2.0_chordal,global_val_client_task,val,cycle2,72,,,,,,,,,,4000,1986.0,5.0,2009.0,0.0,0.9974886991461577,1.0,0.9987427592277527,0.9987427592277527,0.9987427592277527,1986.0,0.4964999854564667
fedavg,fedavg,434|504,434|504,2,434,data_4000_5_2.0_chordal,global_val_client_task,val,cycle3,72,,,,,,,,,,4000,1986.0,28.0,1985.0,1.0,0.9860973187686196,0.9994967287367891,0.9927518367767334,0.9927518367767334,0.9927518367767334,1987.0,0.49674999713897705
fedavg,fedavg,434|504,434|504,2,434,data_4000_5_2.0_chordal,global_val_client_task,val,cycle4,72,,,,,,,,,,4000,1762.0,268.0,1969.0,1.0,0.8679802955665025,0.9994327850255247,0.9290798902511597,0.9290798902511597,0.9290798902511597,1763.0,0.44075000286102295
fedavg,fedavg,434|504,434|504,2,434,data_4000_5_2.0_chordal,global_val_client_task,val,cycle5,72,,,,,,,,,,4000,1516.0,435.0,2040.0,9.0,0.7770374167093798,0.9940983606557378,0.8722670078277588,0.8722670078277588,0.8722670078277588,1525.0,0.3812499940395355
fedavg,fedavg,434|504,434|504,2,434,data_4000_5_2.0_chordal,global_val_client_task,val,cycle6,72,,,,,,,,,,4000,1107.0,686.0,2175.0,32.0,0.6174010039040714,0.9719051799824407,0.7551159858703613,0.7551159858703613,0.7551159858703613,1139.0,0.2847500145435333
fedavg,fedavg,434|504,434|504,2,504,data_2000_3_11_chordal,global_val_client,val,,72,,,0.12595023683272302,0.982,0.9265000224113464,0.8887515451174289,0.9080480337142944,0.9080480337142944,0.9080480337142944,2000,,,,,,,,,,,
fedavg,fedavg,434|504,434|504,2,504,data_2000_3_11_chordal,global_val_client_task,val,cycle2,72,,,,,,,,,,2000,82.0,7.0,1911.0,0.0,0.9213483146067416,1.0,0.9590643644332886,0.9590643644332886,0.9590643644332886,82.0,0.04100000113248825
fedavg,fedavg,434|504,434|504,2,504,data_2000_3_11_chordal,global_val_client_task,val,cycle3,72,,,,,,,,,,2000,128.0,3.0,1869.0,0.0,0.9770992366412213,1.0,0.9884170293807983,0.9884170293807983,0.9884170293807983,128.0,0.06400000303983688
fedavg,fedavg,434|504,434|504,2,504,data_2000_3_11_chordal,global_val_client_task,val,cycle4,72,,,,,,,,,,2000,152.0,15.0,1828.0,5.0,0.9101796407185628,0.9681528662420382,0.9382716417312622,0.9382716417312622,0.9382716417312622,157.0,0.07850000262260437
fedavg,fedavg,434|504,434|504,2,504,data_2000_3_11_chordal,global_val_client_task,val,cycle5,72,,,,,,,,,,2000,187.0,51.0,1762.0,0.0,0.7857142857142857,1.0,0.8799999952316284,0.8799999952316284,0.8799999952316284,187.0,0.09350000321865082
fedavg,fedavg,434|504,434|504,2,504,data_2000_3_11_chordal,global_val_client_task,val,cycle6,72,,,,,,,,,,2000,170.0,86.0,1731.0,13.0,0.6640625,0.9289617486338798,0.7744874358177185,0.7744874358177185,0.7744874358177185,183.0,0.09149999916553497
fedavg,fedavg,434|504,434|504,2,all,all,global_val_mean,val,,72,,,0.1888688682038337,0.9451666666666667,0.7896666725476583,0.9091921876650666,0.909077008565267,0.909077008565267,0.909077008565267,6000,,,,,,,,,,,
fedavg,fedavg,434|504,434|504,2,434,data_4000_5_2.0_chordal,train_epoch,train,,73,1.0,0.053735747486352924,,,,,,,,4000,,,,,,,,,,,
fedavg,fedavg,434|504,434|504,2,434,data_4000_5_2.0_chordal,train_epoch,train,,73,2.0,0.061390701115131376,,,,,,,,4000,,,,,,,,,,,
fedavg,fedavg,434|504,434|504,2,434,data_4000_5_2.0_chordal,train_epoch,train,,73,3.0,0.05773699663579464,,,,,,,,4000,,,,,,,,,,,
fedavg,fedavg,434|504,434|504,2,434,data_4000_5_2.0_chordal,train_epoch,train,,73,4.0,0.05954218652099371,,,,,,,,4000,,,,,,,,,,,
fedavg,fedavg,434|504,434|504,2,434,data_4000_5_2.0_chordal,train_epoch,train,,73,5.0,0.059277480125427245,,,,,,,,4000,,,,,,,,,,,
fedavg,fedavg,434|504,434|504,2,434,data_4000_5_2.0_chordal,val_epoch,val,,73,,,0.12735365116596223,0.9644,0.8529999852180481,0.9581619461746386,0.947717010974884,0.947717010974884,0.947717010974884,4000,,,,,,,,,,,
fedavg,fedavg,434|504,434|504,2,434,data_4000_5_2.0_chordal,val_epoch_task,val,cycle2,73,,,,,,,,,,4000,1986.0,13.0,2001.0,0.0,0.9934967483741871,1.0,0.9967377781867981,0.9967377781867981,0.9967377781867981,1986.0,0.4964999854564667
fedavg,fedavg,434|504,434|504,2,434,data_4000_5_2.0_chordal,val_epoch_task,val,cycle3,73,,,,,,,,,,4000,1986.0,13.0,2000.0,1.0,0.9934967483741871,0.9994967287367891,0.9964877367019653,0.9964877367019653,0.9964877367019653,1987.0,0.49674999713897705
fedavg,fedavg,434|504,434|504,2,434,data_4000_5_2.0_chordal,val_epoch_task,val,cycle4,73,,,,,,,,,,4000,1743.0,42.0,2195.0,20.0,0.9764705882352941,0.9886557005104935,0.9825253486633301,0.9825253486633301,0.9825253486633301,1763.0,0.44075000286102295
fedavg,fedavg,434|504,434|504,2,434,data_4000_5_2.0_chordal,val_epoch_task,val,cycle5,73,,,,,,,,,,4000,1420.0,114.0,2361.0,105.0,0.9256844850065189,0.9311475409836065,0.9284079670906067,0.9284079670906067,0.9284079670906067,1525.0,0.3812499940395355
fedavg,fedavg,434|504,434|504,2,434,data_4000_5_2.0_chordal,val_epoch_task,val,cycle6,73,,,,,,,,,,4000,1018.0,283.0,2578.0,121.0,0.7824750192159877,0.8937664618086041,0.83442622423172,0.83442622423172,0.83442622423172,1139.0,0.2847500145435333
fedavg,fedavg,434|504,434|504,2,504,data_2000_3_11_chordal,train_epoch,train,,73,1.0,0.11584024411439896,,,,,,,,2000,,,,,,,,,,,
fedavg,fedavg,434|504,434|504,2,504,data_2000_3_11_chordal,train_epoch,train,,73,2.0,0.12210890352725982,,,,,,,,2000,,,,,,,,,,,
fedavg,fedavg,434|504,434|504,2,504,data_2000_3_11_chordal,train_epoch,train,,73,3.0,0.11809385879337787,,,,,,,,2000,,,,,,,,,,,
fedavg,fedavg,434|504,434|504,2,504,data_2000_3_11_chordal,train_epoch,train,,73,4.0,0.11579453426599502,,,,,,,,2000,,,,,,,,,,,
fedavg,fedavg,434|504,434|504,2,504,data_2000_3_11_chordal,train_epoch,train,,73,5.0,0.084629788313061,,,,,,,,2000,,,,,,,,,,,
fedavg,fedavg,434|504,434|504,2,504,data_2000_3_11_chordal,val_epoch,val,,73,,,0.14017344800755382,0.9756,0.9020000100135803,0.8557919621749409,0.8778119087219238,0.8778119087219238,0.8778119087219238,2000,,,,,,,,,,,
fedavg,fedavg,434|504,434|504,2,504,data_2000_3_11_chordal,val_epoch_task,val,cycle2,73,,,,,,,,,,2000,82.0,9.0,1909.0,0.0,0.9010989010989011,1.0,0.94797682762146,0.94797682762146,0.94797682762146,82.0,0.04100000113248825
fedavg,fedavg,434|504,434|504,2,504,data_2000_3_11_chordal,val_epoch_task,val,cycle3,73,,,,,,,,,,2000,127.0,17.0,1855.0,1.0,0.8819444444444444,0.9921875,0.9338235259056091,0.9338235259056091,0.9338235259056091,128.0,0.06400000303983688
fedavg,fedavg,434|504,434|504,2,504,data_2000_3_11_chordal,val_epoch_task,val,cycle4,73,,,,,,,,,,2000,153.0,25.0,1818.0,4.0,0.8595505617977528,0.9745222929936306,0.913432776927948,0.913432776927948,0.913432776927948,157.0,0.07850000262260437
fedavg,fedavg,434|504,434|504,2,504,data_2000_3_11_chordal,val_epoch_task,val,cycle5,73,,,,,,,,,,2000,182.0,60.0,1753.0,5.0,0.7520661157024794,0.9732620320855615,0.8484848141670227,0.8484848141670227,0.8484848141670227,187.0,0.09350000321865082
fedavg,fedavg,434|504,434|504,2,504,data_2000_3_11_chordal,val_epoch_task,val,cycle6,73,,,,,,,,,,2000,180.0,120.0,1697.0,3.0,0.6,0.9836065573770492,0.7453415989875793,0.7453415989875793,0.7453415989875793,183.0,0.09149999916553497
fedavg,fedavg,434|504,434|504,2,434,data_4000_5_2.0_chordal,global_val_client,val,,73,,,0.13805017012357712,0.9548,0.8152499794960022,0.9483900433889016,0.9385638236999512,0.9385638236999512,0.9385638236999512,4000,,,,,,,,,,,
fedavg,fedavg,434|504,434|504,2,434,data_4000_5_2.0_chordal,global_val_client_task,val,cycle2,73,,,,,,,,,,4000,1986.0,8.0,2006.0,0.0,0.995987963891675,1.0,0.9979899525642395,0.9979899525642395,0.9979899525642395,1986.0,0.4964999854564667
fedavg,fedavg,434|504,434|504,2,434,data_4000_5_2.0_chordal,global_val_client_task,val,cycle3,73,,,,,,,,,,4000,1986.0,15.0,1998.0,1.0,0.992503748125937,0.9994967287367891,0.9959879517555237,0.9959879517555237,0.9959879517555237,1987.0,0.49674999713897705
fedavg,fedavg,434|504,434|504,2,434,data_4000_5_2.0_chordal,global_val_client_task,val,cycle4,73,,,,,,,,,,4000,1756.0,94.0,2143.0,7.0,0.9491891891891892,0.9960294951786727,0.9720454216003418,0.9720454216003418,0.9720454216003418,1763.0,0.44075000286102295
fedavg,fedavg,434|504,434|504,2,434,data_4000_5_2.0_chordal,global_val_client_task,val,cycle5,73,,,,,,,,,,4000,1495.0,235.0,2240.0,30.0,0.8641618497109826,0.980327868852459,0.918586790561676,0.918586790561676,0.918586790561676,1525.0,0.3812499940395355
fedavg,fedavg,434|504,434|504,2,434,data_4000_5_2.0_chordal,global_val_client_task,val,cycle6,73,,,,,,,,,,4000,1083.0,458.0,2403.0,56.0,0.7027903958468527,0.9508340649692713,0.8082089424133301,0.8082089424133301,0.8082089424133301,1139.0,0.2847500145435333
fedavg,fedavg,434|504,434|504,2,504,data_2000_3_11_chordal,global_val_client,val,,73,,,0.12674805662781,0.9854,0.9384999871253967,0.9077117572692793,0.9203551411628723,0.9203551411628723,0.9203551411628723,2000,,,,,,,,,,,
fedavg,fedavg,434|504,434|504,2,504,data_2000_3_11_chordal,global_val_client_task,val,cycle2,73,,,,,,,,,,2000,82.0,4.0,1914.0,0.0,0.9534883720930233,1.0,0.976190447807312,0.976190447807312,0.976190447807312,82.0,0.04100000113248825
fedavg,fedavg,434|504,434|504,2,504,data_2000_3_11_chordal,global_val_client_task,val,cycle3,73,,,,,,,,,,2000,127.0,13.0,1859.0,1.0,0.9071428571428571,0.9921875,0.9477611780166626,0.9477611780166626,0.9477611780166626,128.0,0.06400000303983688
fedavg,fedavg,434|504,434|504,2,504,data_2000_3_11_chordal,global_val_client_task,val,cycle4,73,,,,,,,,,,2000,157.0,15.0,1828.0,0.0,0.9127906976744186,1.0,0.954407274723053,0.954407274723053,0.954407274723053,157.0,0.07850000262260437
fedavg,fedavg,434|504,434|504,2,504,data_2000_3_11_chordal,global_val_client_task,val,cycle5,73,,,,,,,,,,2000,179.0,42.0,1771.0,8.0,0.8099547511312217,0.9572192513368984,0.8774509429931641,0.8774509429931641,0.8774509429931641,187.0,0.09350000321865082
fedavg,fedavg,434|504,434|504,2,504,data_2000_3_11_chordal,global_val_client_task,val,cycle6,73,,,,,,,,,,2000,173.0,53.0,1764.0,10.0,0.7654867256637168,0.9453551912568307,0.8459657430648804,0.8459657430648804,0.8459657430648804,183.0,0.09149999916553497
fedavg,fedavg,434|504,434|504,2,all,all,global_val_mean,val,,73,,,0.1342827989583214,0.965,0.856333315372467,0.934830614682361,0.9324942628542582,0.9324942628542582,0.9324942628542582,6000,,,,,,,,,,,
fedavg,fedavg,434|504,434|504,2,434,data_4000_5_2.0_chordal,train_epoch,train,,74,1.0,0.06011933606863022,,,,,,,,4000,,,,,,,,,,,
fedavg,fedavg,434|504,434|504,2,434,data_4000_5_2.0_chordal,train_epoch,train,,74,2.0,0.05047441101074219,,,,,,,,4000,,,,,,,,,,,
fedavg,fedavg,434|504,434|504,2,434,data_4000_5_2.0_chordal,train_epoch,train,,74,3.0,0.056946593195199964,,,,,,,,4000,,,,,,,,,,,
fedavg,fedavg,434|504,434|504,2,434,data_4000_5_2.0_chordal,train_epoch,train,,74,4.0,0.059589794531464575,,,,,,,,4000,,,,,,,,,,,
fedavg,fedavg,434|504,434|504,2,434,data_4000_5_2.0_chordal,train_epoch,train,,74,5.0,0.06246077789366245,,,,,,,,4000,,,,,,,,,,,
fedavg,fedavg,434|504,434|504,2,434,data_4000_5_2.0_chordal,val_epoch,val,,74,,,0.13163939654827117,0.95995,0.8305000066757202,0.9535517541316324,0.9434663653373718,0.9434663653373718,0.9434663653373718,4000,,,,,,,,,,,
fedavg,fedavg,434|504,434|504,2,434,data_4000_5_2.0_chordal,val_epoch_task,val,cycle2,74,,,,,,,,,,4000,1985.0,9.0,2005.0,1.0,0.9954864593781344,0.999496475327291,0.9974873661994934,0.9974873661994934,0.9974873661994934,1986.0,0.4964999854564667
fedavg,fedavg,434|504,434|504,2,434,data_4000_5_2.0_chordal,val_epoch_task,val,cycle3,74,,,,,,,,,,4000,1974.0,10.0,2003.0,13.0,0.9949596774193549,0.9934574735782586,0.9942079782485962,0.9942079782485962,0.9942079782485962,1987.0,0.49674999713897705
fedavg,fedavg,434|504,434|504,2,434,data_4000_5_2.0_chordal,val_epoch_task,val,cycle4,74,,,,,,,,,,4000,1748.0,63.0,2174.0,15.0,0.9652125897294312,0.9914917753828701,0.9781757593154907,0.9781757593154907,0.9781757593154907,1763.0,0.44075000286102295
fedavg,fedavg,434|504,434|504,2,434,data_4000_5_2.0_chordal,val_epoch_task,val,cycle5,74,,,,,,,,,,4000,1466.0,172.0,2303.0,59.0,0.894993894993895,0.9613114754098361,0.9269680380821228,0.9269680380821228,0.9269680380821228,1525.0,0.3812499940395355
fedavg,fedavg,434|504,434|504,2,434,data_4000_5_2.0_chordal,val_epoch_task,val,cycle6,74,,,,,,,,,,4000,1049.0,369.0,2492.0,90.0,0.7397743300423131,0.9209833187006146,0.8204928040504456,0.8204928040504456,0.8204928040504456,1139.0,0.2847500145435333
fedavg,fedavg,434|504,434|504,2,504,data_2000_3_11_chordal,train_epoch,train,,74,1.0,0.11141652643680572,,,,,,,,2000,,,,,,,,,,,
fedavg,fedavg,434|504,434|504,2,504,data_2000_3_11_chordal,train_epoch,train,,74,2.0,0.08205338901281357,,,,,,,,2000,,,,,,,,,,,
fedavg,fedavg,434|504,434|504,2,504,data_2000_3_11_chordal,train_epoch,train,,74,3.0,0.12888702762126922,,,,,,,,2000,,,,,,,,,,,
fedavg,fedavg,434|504,434|504,2,504,data_2000_3_11_chordal,train_epoch,train,,74,4.0,0.11138552060723304,,,,,,,,2000,,,,,,,,,,,
fedavg,fedavg,434|504,434|504,2,504,data_2000_3_11_chordal,train_epoch,train,,74,5.0,0.12210433596372604,,,,,,,,2000,,,,,,,,,,,
fedavg,fedavg,434|504,434|504,2,504,data_2000_3_11_chordal,val_epoch,val,,74,,,0.12344116550683976,0.9788,0.9144999980926514,0.8716707021791766,0.8881000280380249,0.8881000280380249,0.8881000280380249,2000,,,,,,,,,,,
fedavg,fedavg,434|504,434|504,2,504,data_2000_3_11_chordal,val_epoch_task,val,cycle2,74,,,,,,,,,,2000,82.0,9.0,1909.0,0.0,0.9010989010989011,1.0,0.94797682762146,0.94797682762146,0.94797682762146,82.0,0.04100000113248825
fedavg,fedavg,434|504,434|504,2,504,data_2000_3_11_chordal,val_epoch_task,val,cycle3,74,,,,,,,,,,2000,127.0,18.0,1854.0,1.0,0.8758620689655172,0.9921875,0.9304028749465942,0.9304028749465942,0.9304028749465942,128.0,0.06400000303983688
fedavg,fedavg,434|504,434|504,2,504,data_2000_3_11_chordal,val_epoch_task,val,cycle4,74,,,,,,,,,,2000,156.0,23.0,1820.0,1.0,0.8715083798882681,0.9936305732484076,0.9285714030265808,0.9285714030265808,0.9285714030265808,157.0,0.07850000262260437
fedavg,fedavg,434|504,434|504,2,504,data_2000_3_11_chordal,val_epoch_task,val,cycle5,74,,,,,,,,,,2000,181.0,58.0,1755.0,6.0,0.7573221757322176,0.9679144385026738,0.8497653007507324,0.8497653007507324,0.8497653007507324,187.0,0.09350000321865082
fedavg,fedavg,434|504,434|504,2,504,data_2000_3_11_chordal,val_epoch_task,val,cycle6,74,,,,,,,,,,2000,174.0,87.0,1730.0,9.0,0.6666666666666666,0.9508196721311475,0.7837837934494019,0.7837837934494019,0.7837837934494019,183.0,0.09149999916553497
fedavg,fedavg,434|504,434|504,2,434,data_4000_5_2.0_chordal,global_val_client,val,,74,,,0.14804736107587815,0.9491,0.8002499938011169,0.9422640653357532,0.9321110844612122,0.9321110844612122,0.9321110844612122,4000,,,,,,,,,,,
fedavg,fedavg,434|504,434|504,2,434,data_4000_5_2.0_chordal,global_val_client_task,val,cycle2,74,,,,,,,,,,4000,1986.0,9.0,2005.0,0.0,0.9954887218045113,1.0,0.9977392554283142,0.9977392554283142,0.9977392554283142,1986.0,0.4964999854564667
fedavg,fedavg,434|504,434|504,2,434,data_4000_5_2.0_chordal,global_val_client_task,val,cycle3,74,,,,,,,,,,4000,1987.0,24.0,1989.0,0.0,0.9880656389855793,1.0,0.9939969778060913,0.9939969778060913,0.9939969778060913,1987.0,0.49674999713897705
fedavg,fedavg,434|504,434|504,2,434,data_4000_5_2.0_chordal,global_val_client_task,val,cycle4,74,,,,,,,,,,4000,1758.0,143.0,2094.0,5.0,0.9247764334560757,0.9971639251276234,0.9596070051193237,0.9596070051193237,0.9596070051193237,1763.0,0.44075000286102295
fedavg,fedavg,434|504,434|504,2,434,data_4000_5_2.0_chordal,global_val_client_task,val,cycle5,74,,,,,,,,,,4000,1504.0,287.0,2188.0,21.0,0.8397543271915131,0.9862295081967213,0.9071170687675476,0.9071170687675476,0.9071170687675476,1525.0,0.3812499940395355
fedavg,fedavg,434|504,434|504,2,434,data_4000_5_2.0_chordal,global_val_client_task,val,cycle6,74,,,,,,,,,,4000,1072.0,462.0,2399.0,67.0,0.6988265971316818,0.9411764705882353,0.8020950555801392,0.8020950555801392,0.8020950555801392,1139.0,0.2847500145435333
fedavg,fedavg,434|504,434|504,2,504,data_2000_3_11_chordal,global_val_client,val,,74,,,0.20431016104947775,0.9811,0.9269999861717224,0.8812067881835324,0.8948125839233398,0.8948125839233398,0.8948125839233398,2000,,,,,,,,,,,
fedavg,fedavg,434|504,434|504,2,504,data_2000_3_11_chordal,global_val_client_task,val,cycle2,74,,,,,,,,,,2000,82.0,11.0,1907.0,0.0,0.8817204301075269,1.0,0.9371428489685059,0.9371428489685059,0.9371428489685059,82.0,0.04100000113248825
fedavg,fedavg,434|504,434|504,2,504,data_2000_3_11_chordal,global_val_client_task,val,cycle3,74,,,,,,,,,,2000,127.0,17.0,1855.0,1.0,0.8819444444444444,0.9921875,0.9338235259056091,0.9338235259056091,0.9338235259056091,128.0,0.06400000303983688
fedavg,fedavg,434|504,434|504,2,504,data_2000_3_11_chordal,global_val_client_task,val,cycle4,74,,,,,,,,,,2000,152.0,7.0,1836.0,5.0,0.9559748427672956,0.9681528662420382,0.9620253443717957,0.9620253443717957,0.9620253443717957,157.0,0.07850000262260437
fedavg,fedavg,434|504,434|504,2,504,data_2000_3_11_chordal,global_val_client_task,val,cycle5,74,,,,,,,,,,2000,181.0,54.0,1759.0,6.0,0.7702127659574468,0.9679144385026738,0.8578199148178101,0.8578199148178101,0.8578199148178101,187.0,0.09350000321865082
fedavg,fedavg,434|504,434|504,2,504,data_2000_3_11_chordal,global_val_client_task,val,cycle6,74,,,,,,,,,,2000,159.0,64.0,1753.0,24.0,0.7130044843049327,0.8688524590163934,0.7832512259483337,0.7832512259483337,0.7832512259483337,183.0,0.09149999916553497
fedavg,fedavg,434|504,434|504,2,all,all,global_val_mean,val,,74,,,0.16680162773374468,0.9597666666666668,0.8424999912579855,0.9219116396183463,0.919678250948588,0.919678250948588,0.919678250948588,6000,,,,,,,,,,,
fedavg,fedavg,434|504,434|504,2,434,data_4000_5_2.0_chordal,train_epoch,train,,75,1.0,0.05713186589628458,,,,,,,,4000,,,,,,,,,,,
fedavg,fedavg,434|504,434|504,2,434,data_4000_5_2.0_chordal,train_epoch,train,,75,2.0,0.05921468122303486,,,,,,,,4000,,,,,,,,,,,
fedavg,fedavg,434|504,434|504,2,434,data_4000_5_2.0_chordal,train_epoch,train,,75,3.0,0.05838843733072281,,,,,,,,4000,,,,,,,,,,,
fedavg,fedavg,434|504,434|504,2,434,data_4000_5_2.0_chordal,train_epoch,train,,75,4.0,0.058124462038278576,,,,,,,,4000,,,,,,,,,,,
fedavg,fedavg,434|504,434|504,2,434,data_4000_5_2.0_chordal,train_epoch,train,,75,5.0,0.05530258170515299,,,,,,,,4000,,,,,,,,,,,
fedavg,fedavg,434|504,434|504,2,434,data_4000_5_2.0_chordal,val_epoch,val,,75,,,0.14766119170188904,0.96505,0.8485000133514404,0.9582262594872408,0.9441483616828918,0.9441483616828918,0.9441483616828918,4000,,,,,,,,,,,
fedavg,fedavg,434|504,434|504,2,434,data_4000_5_2.0_chordal,val_epoch_task,val,cycle2,75,,,,,,,,,,4000,1985.0,8.0,2006.0,1.0,0.9959859508278976,0.999496475327291,0.9977380633354187,0.9977380633354187,0.9977380633354187,1986.0,0.4964999854564667
fedavg,fedavg,434|504,434|504,2,434,data_4000_5_2.0_chordal,val_epoch_task,val,cycle3,75,,,,,,,,,,4000,1987.0,17.0,1996.0,0.0,0.9915169660678643,1.0,0.9957404136657715,0.9957404136657715,0.9957404136657715,1987.0,0.49674999713897705
fedavg,fedavg,434|504,434|504,2,434,data_4000_5_2.0_chordal,val_epoch_task,val,cycle4,75,,,,,,,,,,4000,1749.0,44.0,2193.0,14.0,0.9754601226993865,0.9920589903573455,0.983689546585083,0.983689546585083,0.983689546585083,1763.0,0.44075000286102295
fedavg,fedavg,434|504,434|504,2,434,data_4000_5_2.0_chordal,val_epoch_task,val,cycle5,75,,,,,,,,,,4000,1418.0,102.0,2373.0,107.0,0.9328947368421052,0.9298360655737705,0.9313629269599915,0.9313629269599915,0.9313629269599915,1525.0,0.3812499940395355
fedavg,fedavg,434|504,434|504,2,434,data_4000_5_2.0_chordal,val_epoch_task,val,cycle6,75,,,,,,,,,,4000,878.0,145.0,2716.0,261.0,0.8582600195503421,0.7708516242317822,0.8122109174728394,0.8122109174728394,0.8122109174728394,1139.0,0.2847500145435333
fedavg,fedavg,434|504,434|504,2,504,data_2000_3_11_chordal,train_epoch,train,,75,1.0,0.1146620958596468,,,,,,,,2000,,,,,,,,,,,
fedavg,fedavg,434|504,434|504,2,504,data_2000_3_11_chordal,train_epoch,train,,75,2.0,0.1176266027763486,,,,,,,,2000,,,,,,,,,,,
fedavg,fedavg,434|504,434|504,2,504,data_2000_3_11_chordal,train_epoch,train,,75,3.0,0.10384140817821026,,,,,,,,2000,,,,,,,,,,,
fedavg,fedavg,434|504,434|504,2,504,data_2000_3_11_chordal,train_epoch,train,,75,4.0,0.08698925845627672,,,,,,,,2000,,,,,,,,,,,
fedavg,fedavg,434|504,434|504,2,504,data_2000_3_11_chordal,train_epoch,train,,75,5.0,0.1132348615527153,,,,,,,,2000,,,,,,,,,,,
fedavg,fedavg,434|504,434|504,2,504,data_2000_3_11_chordal,val_epoch,val,,75,,,0.1774013518691063,0.9776,0.9144999980926514,0.8642424242424243,0.8840214014053345,0.8840214014053345,0.8840214014053345,2000,,,,,,,,,,,
fedavg,fedavg,434|504,434|504,2,504,data_2000_3_11_chordal,val_epoch_task,val,cycle2,75,,,,,,,,,,2000,82.0,10.0,1908.0,0.0,0.8913043478260869,1.0,0.9425287246704102,0.9425287246704102,0.9425287246704102,82.0,0.04100000113248825
fedavg,fedavg,434|504,434|504,2,504,data_2000_3_11_chordal,val_epoch_task,val,cycle3,75,,,,,,,,,,2000,128.0,7.0,1865.0,0.0,0.9481481481481482,1.0,0.9733840227127075,0.9733840227127075,0.9733840227127075,128.0,0.06400000303983688
fedavg,fedavg,434|504,434|504,2,504,data_2000_3_11_chordal,val_epoch_task,val,cycle4,75,,,,,,,,,,2000,154.0,32.0,1811.0,3.0,0.8279569892473119,0.9808917197452229,0.8979591727256775,0.8979591727256775,0.8979591727256775,157.0,0.07850000262260437
fedavg,fedavg,434|504,434|504,2,504,data_2000_3_11_chordal,val_epoch_task,val,cycle5,75,,,,,,,,,,2000,185.0,57.0,1756.0,2.0,0.7644628099173554,0.9893048128342246,0.8624708652496338,0.8624708652496338,0.8624708652496338,187.0,0.09350000321865082
fedavg,fedavg,434|504,434|504,2,504,data_2000_3_11_chordal,val_epoch_task,val,cycle6,75,,,,,,,,,,2000,164.0,94.0,1723.0,19.0,0.6356589147286822,0.8961748633879781,0.7437642216682434,0.7437642216682434,0.7437642216682434,183.0,0.09149999916553497
fedavg,fedavg,434|504,434|504,2,434,data_4000_5_2.0_chordal,global_val_client,val,,75,,,0.14201256373524665,0.9535,0.8149999976158142,0.9469601916276947,0.937131404876709,0.937131404876709,0.937131404876709,4000,,,,,,,,,,,
fedavg,fedavg,434|504,434|504,2,434,data_4000_5_2.0_chordal,global_val_client_task,val,cycle2,75,,,,,,,,,,4000,1986.0,12.0,2002.0,0.0,0.993993993993994,1.0,0.9969879388809204,0.9969879388809204,0.9969879388809204,1986.0,0.4964999854564667
fedavg,fedavg,434|504,434|504,2,434,data_4000_5_2.0_chordal,global_val_client_task,val,cycle3,75,,,,,,,,,,4000,1985.0,29.0,1984.0,2.0,0.9856007944389275,0.9989934574735783,0.9922519326210022,0.9922519326210022,0.9922519326210022,1987.0,0.49674999713897705
fedavg,fedavg,434|504,434|504,2,434,data_4000_5_2.0_chordal,global_val_client_task,val,cycle4,75,,,,,,,,,,4000,1758.0,109.0,2128.0,5.0,0.9416175682913765,0.9971639251276234,0.968595027923584,0.968595027923584,0.968595027923584,1763.0,0.44075000286102295
fedavg,fedavg,434|504,434|504,2,434,data_4000_5_2.0_chordal,global_val_client_task,val,cycle5,75,,,,,,,,,,4000,1507.0,280.0,2195.0,18.0,0.8433128147733632,0.9881967213114754,0.910024106502533,0.910024106502533,0.910024106502533,1525.0,0.3812499940395355
fedavg,fedavg,434|504,434|504,2,434,data_4000_5_2.0_chordal,global_val_client_task,val,cycle6,75,,,,,,,,,,4000,1066.0,402.0,2459.0,73.0,0.726158038147139,0.935908691834943,0.8177981972694397,0.8177981972694397,0.8177981972694397,1139.0,0.2847500145435333
fedavg,fedavg,434|504,434|504,2,504,data_2000_3_11_chordal,global_val_client,val,,75,,,0.1378962673842907,0.9849,0.9365000128746033,0.9044908285895003,0.9169771075248718,0.9169771075248718,0.9169771075248718,2000,,,,,,,,,,,
fedavg,fedavg,434|504,434|504,2,504,data_2000_3_11_chordal,global_val_client_task,val,cycle2,75,,,,,,,,,,2000,82.0,6.0,1912.0,0.0,0.9318181818181818,1.0,0.9647058844566345,0.9647058844566345,0.9647058844566345,82.0,0.04100000113248825
fedavg,fedavg,434|504,434|504,2,504,data_2000_3_11_chordal,global_val_client_task,val,cycle3,75,,,,,,,,,,2000,128.0,9.0,1863.0,0.0,0.9343065693430657,1.0,0.9660376906394958,0.9660376906394958,0.9660376906394958,128.0,0.06400000303983688
fedavg,fedavg,434|504,434|504,2,504,data_2000_3_11_chordal,global_val_client_task,val,cycle4,75,,,,,,,,,,2000,153.0,17.0,1826.0,4.0,0.9,0.9745222929936306,0.935779869556427,0.935779869556427,0.935779869556427,157.0,0.07850000262260437
fedavg,fedavg,434|504,434|504,2,504,data_2000_3_11_chordal,global_val_client_task,val,cycle5,75,,,,,,,,,,2000,184.0,45.0,1768.0,3.0,0.8034934497816594,0.983957219251337,0.8846153616905212,0.8846153616905212,0.8846153616905212,187.0,0.09350000321865082
fedavg,fedavg,434|504,434|504,2,504,data_2000_3_11_chordal,global_val_client_task,val,cycle6,75,,,,,,,,,,2000,168.0,52.0,1765.0,15.0,0.7636363636363637,0.9180327868852459,0.8337468504905701,0.8337468504905701,0.8337468504905701,183.0,0.09149999916553497
fedavg,fedavg,434|504,434|504,2,all,all,global_val_mean,val,,75,,,0.14064046495159466,0.9639666666666667,0.8555000027020773,0.9328037372816299,0.9304133057594299,0.9304133057594299,0.9304133057594299,6000,,,,,,,,,,,
fedavg,fedavg,434|504,434|504,2,434,data_4000_5_2.0_chordal,train_epoch,train,,76,1.0,0.06039080636203289,,,,,,,,4000,,,,,,,,,,,
fedavg,fedavg,434|504,434|504,2,434,data_4000_5_2.0_chordal,train_epoch,train,,76,2.0,0.05561501650512218,,,,,,,,4000,,,,,,,,,,,
fedavg,fedavg,434|504,434|504,2,434,data_4000_5_2.0_chordal,train_epoch,train,,76,3.0,0.057446670174598695,,,,,,,,4000,,,,,,,,,,,
fedavg,fedavg,434|504,434|504,2,434,data_4000_5_2.0_chordal,train_epoch,train,,76,4.0,0.05978412322700024,,,,,,,,4000,,,,,,,,,,,
fedavg,fedavg,434|504,434|504,2,434,data_4000_5_2.0_chordal,train_epoch,train,,76,5.0,0.058261482894420624,,,,,,,,4000,,,,,,,,,,,
fedavg,fedavg,434|504,434|504,2,434,data_4000_5_2.0_chordal,val_epoch,val,,76,,,0.13389547157287598,0.9642,0.8482499718666077,0.9575628259838787,0.9458093643188477,0.9458093643188477,0.9458093643188477,4000,,,,,,,,,,,
fedavg,fedavg,434|504,434|504,2,434,data_4000_5_2.0_chordal,val_epoch_task,val,cycle2,76,,,,,,,,,,4000,1985.0,4.0,2010.0,1.0,0.9979889391654098,0.999496475327291,0.9987421035766602,0.9987421035766602,0.9987421035766602,1986.0,0.4964999854564667
fedavg,fedavg,434|504,434|504,2,434,data_4000_5_2.0_chordal,val_epoch_task,val,cycle3,76,,,,,,,,,,4000,1968.0,14.0,1999.0,19.0,0.992936427850656,0.9904378459989934,0.9916855096817017,0.9916855096817017,0.9916855096817017,1987.0,0.49674999713897705
fedavg,fedavg,434|504,434|504,2,434,data_4000_5_2.0_chordal,val_epoch_task,val,cycle4,76,,,,,,,,,,4000,1743.0,30.0,2207.0,20.0,0.9830795262267343,0.9886557005104935,0.9858596920967102,0.9858596920967102,0.9858596920967102,1763.0,0.44075000286102295
fedavg,fedavg,434|504,434|504,2,434,data_4000_5_2.0_chordal,val_epoch_task,val,cycle5,76,,,,,,,,,,4000,1428.0,131.0,2344.0,97.0,0.9159717767799872,0.9363934426229508,0.926069974899292,0.926069974899292,0.926069974899292,1525.0,0.3812499940395355
fedavg,fedavg,434|504,434|504,2,434,data_4000_5_2.0_chordal,val_epoch_task,val,cycle6,76,,,,,,,,,,4000,954.0,215.0,2646.0,185.0,0.8160821214713431,0.8375768217734855,0.8266897797584534,0.8266897797584534,0.8266897797584534,1139.0,0.2847500145435333
fedavg,fedavg,434|504,434|504,2,504,data_2000_3_11_chordal,train_epoch,train,,76,1.0,0.10504091975092889,,,,,,,,2000,,,,,,,,,,,
fedavg,fedavg,434|504,434|504,2,504,data_2000_3_11_chordal,train_epoch,train,,76,2.0,0.11320736359804869,,,,,,,,2000,,,,,,,,,,,
fedavg,fedavg,434|504,434|504,2,504,data_2000_3_11_chordal,train_epoch,train,,76,3.0,0.12168569469451904,,,,,,,,2000,,,,,,,,,,,
fedavg,fedavg,434|504,434|504,2,504,data_2000_3_11_chordal,train_epoch,train,,76,4.0,0.12106507831811905,,,,,,,,2000,,,,,,,,,,,
fedavg,fedavg,434|504,434|504,2,504,data_2000_3_11_chordal,train_epoch,train,,76,5.0,0.09881989622116089,,,,,,,,2000,,,,,,,,,,,
fedavg,fedavg,434|504,434|504,2,504,data_2000_3_11_chordal,val_epoch,val,,76,,,0.12821717005968095,0.981,0.921999990940094,0.884287454323995,0.896783709526062,0.896783709526062,0.896783709526062,2000,,,,,,,,,,,
fedavg,fedavg,434|504,434|504,2,504,data_2000_3_11_chordal,val_epoch_task,val,cycle2,76,,,,,,,,,,2000,82.0,7.0,1911.0,0.0,0.9213483146067416,1.0,0.9590643644332886,0.9590643644332886,0.9590643644332886,82.0,0.04100000113248825
fedavg,fedavg,434|504,434|504,2,504,data_2000_3_11_chordal,val_epoch_task,val,cycle3,76,,,,,,,,,,2000,128.0,27.0,1845.0,0.0,0.8258064516129032,1.0,0.9045936465263367,0.9045936465263367,0.9045936465263367,128.0,0.06400000303983688
fedavg,fedavg,434|504,434|504,2,504,data_2000_3_11_chordal,val_epoch_task,val,cycle4,76,,,,,,,,,,2000,157.0,24.0,1819.0,0.0,0.8674033149171271,1.0,0.9289941191673279,0.9289941191673279,0.9289941191673279,157.0,0.07850000262260437
fedavg,fedavg,434|504,434|504,2,504,data_2000_3_11_chordal,val_epoch_task,val,cycle5,76,,,,,,,,,,2000,185.0,44.0,1769.0,2.0,0.8078602620087336,0.9893048128342246,0.8894230723381042,0.8894230723381042,0.8894230723381042,187.0,0.09350000321865082
fedavg,fedavg,434|504,434|504,2,504,data_2000_3_11_chordal,val_epoch_task,val,cycle6,76,,,,,,,,,,2000,174.0,77.0,1740.0,9.0,0.6932270916334662,0.9508196721311475,0.8018433451652527,0.8018433451652527,0.8018433451652527,183.0,0.09149999916553497
fedavg,fedavg,434|504,434|504,2,434,data_4000_5_2.0_chordal,global_val_client,val,,76,,,0.13473906981945039,0.9562,0.8195000290870667,0.9497129735935707,0.939319908618927,0.939319908618927,0.939319908618927,4000,,,,,,,,,,,
fedavg,fedavg,434|504,434|504,2,434,data_4000_5_2.0_chordal,global_val_client_task,val,cycle2,76,,,,,,,,,,4000,1986.0,16.0,1998.0,0.0,0.9920079920079921,1.0,0.9959879517555237,0.9959879517555237,0.9959879517555237,1986.0,0.4964999854564667
fedavg,fedavg,434|504,434|504,2,434,data_4000_5_2.0_chordal,global_val_client_task,val,cycle3,76,,,,,,,,,,4000,1987.0,21.0,1992.0,0.0,0.9895418326693227,1.0,0.9947434663772583,0.9947434663772583,0.9947434663772583,1987.0,0.49674999713897705
fedavg,fedavg,434|504,434|504,2,434,data_4000_5_2.0_chordal,global_val_client_task,val,cycle4,76,,,,,,,,,,4000,1757.0,68.0,2169.0,6.0,0.9627397260273972,0.996596710153148,0.9793756604194641,0.9793756604194641,0.9793756604194641,1763.0,0.44075000286102295
fedavg,fedavg,434|504,434|504,2,434,data_4000_5_2.0_chordal,global_val_client_task,val,cycle5,76,,,,,,,,,,4000,1499.0,268.0,2207.0,26.0,0.8483305036785512,0.9829508196721312,0.910692572593689,0.910692572593689,0.910692572593689,1525.0,0.3812499940395355
fedavg,fedavg,434|504,434|504,2,434,data_4000_5_2.0_chordal,global_val_client_task,val,cycle6,76,,,,,,,,,,4000,1043.0,375.0,2486.0,96.0,0.735543018335684,0.9157155399473222,0.8157997727394104,0.8157997727394104,0.8157997727394104,1139.0,0.2847500145435333
fedavg,fedavg,434|504,434|504,2,504,data_2000_3_11_chordal,global_val_client,val,,76,,,0.11986924210190773,0.987,0.9434999823570251,0.9163449163449163,0.9274590611457825,0.9274590611457825,0.9274590611457825,2000,,,,,,,,,,,
fedavg,fedavg,434|504,434|504,2,504,data_2000_3_11_chordal,global_val_client_task,val,cycle2,76,,,,,,,,,,2000,82.0,4.0,1914.0,0.0,0.9534883720930233,1.0,0.976190447807312,0.976190447807312,0.976190447807312,82.0,0.04100000113248825
fedavg,fedavg,434|504,434|504,2,504,data_2000_3_11_chordal,global_val_client_task,val,cycle3,76,,,,,,,,,,2000,128.0,10.0,1862.0,0.0,0.927536231884058,1.0,0.9624060392379761,0.9624060392379761,0.9624060392379761,128.0,0.06400000303983688
fedavg,fedavg,434|504,434|504,2,504,data_2000_3_11_chordal,global_val_client_task,val,cycle4,76,,,,,,,,,,2000,156.0,13.0,1830.0,1.0,0.9230769230769231,0.9936305732484076,0.9570552110671997,0.9570552110671997,0.9570552110671997,157.0,0.07850000262260437
fedavg,fedavg,434|504,434|504,2,504,data_2000_3_11_chordal,global_val_client_task,val,cycle5,76,,,,,,,,,,2000,185.0,31.0,1782.0,2.0,0.8564814814814815,0.9893048128342246,0.9181141257286072,0.9181141257286072,0.9181141257286072,187.0,0.09350000321865082
fedavg,fedavg,434|504,434|504,2,504,data_2000_3_11_chordal,global_val_client_task,val,cycle6,76,,,,,,,,,,2000,161.0,47.0,1770.0,22.0,0.7740384615384616,0.8797814207650273,0.8235294222831726,0.8235294222831726,0.8235294222831726,183.0,0.09149999916553497
fedavg,fedavg,434|504,434|504,2,all,all,global_val_mean,val,,76,,,0.1297824605802695,0.9664666666666667,0.8608333468437195,0.9385902878440192,0.9353662927945455,0.9353662927945455,0.9353662927945455,6000,,,,,,,,,,,
fedavg,fedavg,434|504,434|504,2,434,data_4000_5_2.0_chordal,train_epoch,train,,77,1.0,0.062498261258006095,,,,,,,,4000,,,,,,,,,,,
fedavg,fedavg,434|504,434|504,2,434,data_4000_5_2.0_chordal,train_epoch,train,,77,2.0,0.055312946431338786,,,,,,,,4000,,,,,,,,,,,
fedavg,fedavg,434|504,434|504,2,434,data_4000_5_2.0_chordal,train_epoch,train,,77,3.0,0.06643531875312328,,,,,,,,4000,,,,,,,,,,,
fedavg,fedavg,434|504,434|504,2,434,data_4000_5_2.0_chordal,train_epoch,train,,77,4.0,0.054247051924467084,,,,,,,,4000,,,,,,,,,,,
fedavg,fedavg,434|504,434|504,2,434,data_4000_5_2.0_chordal,train_epoch,train,,77,5.0,0.06275584144890309,,,,,,,,4000,,,,,,,,,,,
fedavg,fedavg,434|504,434|504,2,434,data_4000_5_2.0_chordal,val_epoch,val,,77,,,0.12755299350619317,0.96245,0.8417500257492065,0.9559608280068023,0.9448981285095215,0.9448981285095215,0.9448981285095215,4000,,,,,,,,,,,
fedavg,fedavg,434|504,434|504,2,434,data_4000_5_2.0_chordal,val_epoch_task,val,cycle2,77,,,,,,,,,,4000,1985.0,9.0,2005.0,1.0,0.9954864593781344,0.999496475327291,0.9974873661994934,0.9974873661994934,0.9974873661994934,1986.0,0.4964999854564667
fedavg,fedavg,434|504,434|504,2,434,data_4000_5_2.0_chordal,val_epoch_task,val,cycle3,77,,,,,,,,,,4000,1977.0,3.0,2010.0,10.0,0.9984848484848485,0.9949672873678913,0.9967229962348938,0.9967229962348938,0.9967229962348938,1987.0,0.49674999713897705
fedavg,fedavg,434|504,434|504,2,434,data_4000_5_2.0_chordal,val_epoch_task,val,cycle4,77,,,,,,,,,,4000,1752.0,37.0,2200.0,11.0,0.9793180547792063,0.9937606352807714,0.9864864945411682,0.9864864945411682,0.9864864945411682,1763.0,0.44075000286102295
fedavg,fedavg,434|504,434|504,2,434,data_4000_5_2.0_chordal,val_epoch_task,val,cycle5,77,,,,,,,,,,4000,1425.0,141.0,2334.0,100.0,0.9099616858237548,0.9344262295081968,0.9220317006111145,0.9220317006111145,0.9220317006111145,1525.0,0.3812499940395355
fedavg,fedavg,434|504,434|504,2,434,data_4000_5_2.0_chordal,val_epoch_task,val,cycle6,77,,,,,,,,,,4000,1012.0,312.0,2549.0,127.0,0.7643504531722054,0.8884986830553117,0.8217620253562927,0.8217620253562927,0.8217620253562927,1139.0,0.2847500145435333
fedavg,fedavg,434|504,434|504,2,504,data_2000_3_11_chordal,train_epoch,train,,77,1.0,0.12917803502082825,,,,,,,,2000,,,,,,,,,,,
fedavg,fedavg,434|504,434|504,2,504,data_2000_3_11_chordal,train_epoch,train,,77,2.0,0.1094013307094574,,,,,,,,2000,,,,,,,,,,,
fedavg,fedavg,434|504,434|504,2,504,data_2000_3_11_chordal,train_epoch,train,,77,3.0,0.12432566539943218,,,,,,,,2000,,,,,,,,,,,
fedavg,fedavg,434|504,434|504,2,504,data_2000_3_11_chordal,train_epoch,train,,77,4.0,0.10804408186674118,,,,,,,,2000,,,,,,,,,,,
fedavg,fedavg,434|504,434|504,2,504,data_2000_3_11_chordal,train_epoch,train,,77,5.0,0.11557181858923286,,,,,,,,2000,,,,,,,,,,,
fedavg,fedavg,434|504,434|504,2,504,data_2000_3_11_chordal,val_epoch,val,,77,,,0.12543368490040302,0.9691,0.8884999752044678,0.8251273344651952,0.8551458120346069,0.8551458120346069,0.8551458120346069,2000,,,,,,,,,,,
fedavg,fedavg,434|504,434|504,2,504,data_2000_3_11_chordal,val_epoch_task,val,cycle2,77,,,,,,,,,,2000,82.0,8.0,1910.0,0.0,0.9111111111111111,1.0,0.9534883499145508,0.9534883499145508,0.9534883499145508,82.0,0.04100000113248825
fedavg,fedavg,434|504,434|504,2,504,data_2000_3_11_chordal,val_epoch_task,val,cycle3,77,,,,,,,,,,2000,127.0,9.0,1863.0,1.0,0.9338235294117647,0.9921875,0.9621211886405945,0.9621211886405945,0.9621211886405945,128.0,0.06400000303983688
fedavg,fedavg,434|504,434|504,2,504,data_2000_3_11_chordal,val_epoch_task,val,cycle4,77,,,,,,,,,,2000,157.0,57.0,1786.0,0.0,0.7336448598130841,1.0,0.8463611602783203,0.8463611602783203,0.8463611602783203,157.0,0.07850000262260437
fedavg,fedavg,434|504,434|504,2,504,data_2000_3_11_chordal,val_epoch_task,val,cycle5,77,,,,,,,,,,2000,183.0,98.0,1715.0,4.0,0.6512455516014235,0.9786096256684492,0.7820512652397156,0.7820512652397156,0.7820512652397156,187.0,0.09350000321865082
fedavg,fedavg,434|504,434|504,2,504,data_2000_3_11_chordal,val_epoch_task,val,cycle6,77,,,,,,,,,,2000,180.0,129.0,1688.0,3.0,0.5825242718446602,0.9836065573770492,0.7317073345184326,0.7317073345184326,0.7317073345184326,183.0,0.09149999916553497
fedavg,fedavg,434|504,434|504,2,434,data_4000_5_2.0_chordal,global_val_client,val,,77,,,0.17254107117652892,0.9406,0.7705000042915344,0.9336683417085427,0.9239603281021118,0.9239603281021118,0.9239603281021118,4000,,,,,,,,,,,
fedavg,fedavg,434|504,434|504,2,434,data_4000_5_2.0_chordal,global_val_client_task,val,cycle2,77,,,,,,,,,,4000,1986.0,16.0,1998.0,0.0,0.9920079920079921,1.0,0.9959879517555237,0.9959879517555237,0.9959879517555237,1986.0,0.4964999854564667
fedavg,fedavg,434|504,434|504,2,434,data_4000_5_2.0_chordal,global_val_client_task,val,cycle3,77,,,,,,,,,,4000,1986.0,19.0,1994.0,1.0,0.9905236907730673,0.9994967287367891,0.9949899911880493,0.9949899911880493,0.9949899911880493,1987.0,0.49674999713897705
fedavg,fedavg,434|504,434|504,2,434,data_4000_5_2.0_chordal,global_val_client_task,val,cycle4,77,,,,,,,,,,4000,1763.0,147.0,2090.0,0.0,0.9230366492146597,1.0,0.9599782228469849,0.9599782228469849,0.9599782228469849,1763.0,0.44075000286102295
fedavg,fedavg,434|504,434|504,2,434,data_4000_5_2.0_chordal,global_val_client_task,val,cycle5,77,,,,,,,,,,4000,1516.0,363.0,2112.0,9.0,0.8068121341138904,0.9940983606557378,0.8907167911529541,0.8907167911529541,0.8907167911529541,1525.0,0.3812499940395355
fedavg,fedavg,434|504,434|504,2,434,data_4000_5_2.0_chordal,global_val_client_task,val,cycle6,77,,,,,,,,,,4000,1110.0,604.0,2257.0,29.0,0.6476079346557759,0.974539069359087,0.7781282663345337,0.7781282663345337,0.7781282663345337,1139.0,0.2847500145435333
fedavg,fedavg,434|504,434|504,2,504,data_2000_3_11_chordal,global_val_client,val,,77,,,0.13798630544543267,0.9813,0.9229999780654907,0.8842105263157894,0.8986201286315918,0.8986201286315918,0.8986201286315918,2000,,,,,,,,,,,
fedavg,fedavg,434|504,434|504,2,504,data_2000_3_11_chordal,global_val_client_task,val,cycle2,77,,,,,,,,,,2000,82.0,9.0,1909.0,0.0,0.9010989010989011,1.0,0.94797682762146,0.94797682762146,0.94797682762146,82.0,0.04100000113248825
fedavg,fedavg,434|504,434|504,2,504,data_2000_3_11_chordal,global_val_client_task,val,cycle3,77,,,,,,,,,,2000,128.0,14.0,1858.0,0.0,0.9014084507042254,1.0,0.9481481313705444,0.9481481313705444,0.9481481313705444,128.0,0.06400000303983688
fedavg,fedavg,434|504,434|504,2,504,data_2000_3_11_chordal,global_val_client_task,val,cycle4,77,,,,,,,,,,2000,154.0,18.0,1825.0,3.0,0.8953488372093024,0.9808917197452229,0.936170220375061,0.936170220375061,0.936170220375061,157.0,0.07850000262260437
fedavg,fedavg,434|504,434|504,2,504,data_2000_3_11_chordal,global_val_client_task,val,cycle5,77,,,,,,,,,,2000,181.0,53.0,1760.0,6.0,0.7735042735042735,0.9679144385026738,0.8598574995994568,0.8598574995994568,0.8598574995994568,187.0,0.09350000321865082
fedavg,fedavg,434|504,434|504,2,504,data_2000_3_11_chordal,global_val_client_task,val,cycle6,77,,,,,,,,,,2000,169.0,70.0,1747.0,14.0,0.7071129707112971,0.9234972677595629,0.8009478449821472,0.8009478449821472,0.8009478449821472,183.0,0.09149999916553497
fedavg,fedavg,434|504,434|504,2,all,all,global_val_mean,val,,77,,,0.1610228159328302,0.9541666666666667,0.8213333288828532,0.9171824032442916,0.9155135949452718,0.9155135949452718,0.9155135949452718,6000,,,,,,,,,,,
fedavg,fedavg,434|504,434|504,2,434,data_4000_5_2.0_chordal,train_epoch,train,,78,1.0,0.0588750740736723,,,,,,,,4000,,,,,,,,,,,
fedavg,fedavg,434|504,434|504,2,434,data_4000_5_2.0_chordal,train_epoch,train,,78,2.0,0.05293895862624049,,,,,,,,4000,,,,,,,,,,,
fedavg,fedavg,434|504,434|504,2,434,data_4000_5_2.0_chordal,train_epoch,train,,78,3.0,0.06111856912076473,,,,,,,,4000,,,,,,,,,,,
fedavg,fedavg,434|504,434|504,2,434,data_4000_5_2.0_chordal,train_epoch,train,,78,4.0,0.05590302963554859,,,,,,,,4000,,,,,,,,,,,
fedavg,fedavg,434|504,434|504,2,434,data_4000_5_2.0_chordal,train_epoch,train,,78,5.0,0.05618825632333756,,,,,,,,4000,,,,,,,,,,,
fedavg,fedavg,434|504,434|504,2,434,data_4000_5_2.0_chordal,val_epoch,val,,78,,,0.15006511843204498,0.9625,0.8420000076293945,0.9554948967481605,0.9431564211845398,0.9431564211845398,0.9431564211845398,4000,,,,,,,,,,,
fedavg,fedavg,434|504,434|504,2,434,data_4000_5_2.0_chordal,val_epoch_task,val,cycle2,78,,,,,,,,,,4000,1982.0,9.0,2005.0,4.0,0.9954796584630838,0.9979859013091642,0.9967312216758728,0.9967312216758728,0.9967312216758728,1986.0,0.4964999854564667
fedavg,fedavg,434|504,434|504,2,434,data_4000_5_2.0_chordal,val_epoch_task,val,cycle3,78,,,,,,,,,,4000,1973.0,10.0,2003.0,14.0,0.9949571356530509,0.9929542023150478,0.9939546585083008,0.9939546585083008,0.9939546585083008,1987.0,0.49674999713897705
fedavg,fedavg,434|504,434|504,2,434,data_4000_5_2.0_chordal,val_epoch_task,val,cycle4,78,,,,,,,,,,4000,1748.0,63.0,2174.0,15.0,0.9652125897294312,0.9914917753828701,0.9781757593154907,0.9781757593154907,0.9781757593154907,1763.0,0.44075000286102295
fedavg,fedavg,434|504,434|504,2,434,data_4000_5_2.0_chordal,val_epoch_task,val,cycle5,78,,,,,,,,,,4000,1403.0,91.0,2384.0,122.0,0.9390896921017403,0.92,0.929446816444397,0.929446816444397,0.929446816444397,1525.0,0.3812499940395355
fedavg,fedavg,434|504,434|504,2,434,data_4000_5_2.0_chordal,val_epoch_task,val,cycle6,78,,,,,,,,,,4000,945.0,228.0,2633.0,194.0,0.8056265984654731,0.8296751536435469,0.8174740076065063,0.8174740076065063,0.8174740076065063,1139.0,0.2847500145435333
fedavg,fedavg,434|504,434|504,2,504,data_2000_3_11_chordal,train_epoch,train,,78,1.0,0.13909167157812044,,,,,,,,2000,,,,,,,,,,,
fedavg,fedavg,434|504,434|504,2,504,data_2000_3_11_chordal,train_epoch,train,,78,2.0,0.1152052345778793,,,,,,,,2000,,,,,,,,,,,
fedavg,fedavg,434|504,434|504,2,504,data_2000_3_11_chordal,train_epoch,train,,78,3.0,0.11430501890182496,,,,,,,,2000,,,,,,,,,,,
fedavg,fedavg,434|504,434|504,2,504,data_2000_3_11_chordal,train_epoch,train,,78,4.0,0.14715992510318757,,,,,,,,2000,,,,,,,,,,,
fedavg,fedavg,434|504,434|504,2,504,data_2000_3_11_chordal,train_epoch,train,,78,5.0,0.09859665068984032,,,,,,,,2000,,,,,,,,,,,
fedavg,fedavg,434|504,434|504,2,504,data_2000_3_11_chordal,val_epoch,val,,78,,,0.11989917083084584,0.9771,0.9100000262260437,0.8640949554896142,0.8891710042953491,0.8891710042953491,0.8891710042953491,2000,,,,,,,,,,,
fedavg,fedavg,434|504,434|504,2,504,data_2000_3_11_chordal,val_epoch_task,val,cycle2,78,,,,,,,,,,2000,82.0,9.0,1909.0,0.0,0.9010989010989011,1.0,0.94797682762146,0.94797682762146,0.94797682762146,82.0,0.04100000113248825
fedavg,fedavg,434|504,434|504,2,504,data_2000_3_11_chordal,val_epoch_task,val,cycle3,78,,,,,,,,,,2000,128.0,10.0,1862.0,0.0,0.927536231884058,1.0,0.9624060392379761,0.9624060392379761,0.9624060392379761,128.0,0.06400000303983688
fedavg,fedavg,434|504,434|504,2,504,data_2000_3_11_chordal,val_epoch_task,val,cycle4,78,,,,,,,,,,2000,155.0,14.0,1829.0,2.0,0.9171597633136095,0.9872611464968153,0.9509202837944031,0.9509202837944031,0.9509202837944031,157.0,0.07850000262260437
fedavg,fedavg,434|504,434|504,2,504,data_2000_3_11_chordal,val_epoch_task,val,cycle5,78,,,,,,,,,,2000,184.0,63.0,1750.0,3.0,0.7449392712550608,0.983957219251337,0.8479262590408325,0.8479262590408325,0.8479262590408325,187.0,0.09350000321865082
fedavg,fedavg,434|504,434|504,2,504,data_2000_3_11_chordal,val_epoch_task,val,cycle6,78,,,,,,,,,,2000,179.0,124.0,1693.0,4.0,0.5907590759075908,0.9781420765027322,0.7366255521774292,0.7366255521774292,0.7366255521774292,183.0,0.09149999916553497
fedavg,fedavg,434|504,434|504,2,434,data_4000_5_2.0_chordal,global_val_client,val,,78,,,0.1462623383104801,0.95015,0.8015000224113464,0.9432587786693983,0.9328538775444031,0.9328538775444031,0.9328538775444031,4000,,,,,,,,,,,
fedavg,fedavg,434|504,434|504,2,434,data_4000_5_2.0_chordal,global_val_client_task,val,cycle2,78,,,,,,,,,,4000,1986.0,14.0,2000.0,0.0,0.993,1.0,0.9964876770973206,0.9964876770973206,0.9964876770973206,1986.0,0.4964999854564667
fedavg,fedavg,434|504,434|504,2,434,data_4000_5_2.0_chordal,global_val_client_task,val,cycle3,78,,,,,,,,,,4000,1986.0,18.0,1995.0,1.0,0.9910179640718563,0.9994967287367891,0.9952392578125,0.9952392578125,0.9952392578125,1987.0,0.49674999713897705
fedavg,fedavg,434|504,434|504,2,434,data_4000_5_2.0_chordal,global_val_client_task,val,cycle4,78,,,,,,,,,,4000,1758.0,123.0,2114.0,5.0,0.9346092503987241,0.9971639251276234,0.964873731136322,0.964873731136322,0.964873731136322,1763.0,0.44075000286102295
fedavg,fedavg,434|504,434|504,2,434,data_4000_5_2.0_chordal,global_val_client_task,val,cycle5,78,,,,,,,,,,4000,1492.0,270.0,2205.0,33.0,0.8467650397275823,0.9783606557377049,0.9078186750411987,0.9078186750411987,0.9078186750411987,1525.0,0.3812499940395355
fedavg,fedavg,434|504,434|504,2,434,data_4000_5_2.0_chordal,global_val_client_task,val,cycle6,78,,,,,,,,,,4000,1065.0,459.0,2402.0,74.0,0.6988188976377953,0.9350307287093942,0.799849808216095,0.799849808216095,0.799849808216095,1139.0,0.2847500145435333
fedavg,fedavg,434|504,434|504,2,504,data_2000_3_11_chordal,global_val_client,val,,78,,,0.13893574330210687,0.9838,0.9319999814033508,0.8982412060301508,0.9122716784477234,0.9122716784477234,0.9122716784477234,2000,,,,,,,,,,,
fedavg,fedavg,434|504,434|504,2,504,data_2000_3_11_chordal,global_val_client_task,val,cycle2,78,,,,,,,,,,2000,82.0,4.0,1914.0,0.0,0.9534883720930233,1.0,0.976190447807312,0.976190447807312,0.976190447807312,82.0,0.04100000113248825
fedavg,fedavg,434|504,434|504,2,504,data_2000_3_11_chordal,global_val_client_task,val,cycle3,78,,,,,,,,,,2000,128.0,13.0,1859.0,0.0,0.9078014184397163,1.0,0.9516728520393372,0.9516728520393372,0.9516728520393372,128.0,0.06400000303983688
fedavg,fedavg,434|504,434|504,2,504,data_2000_3_11_chordal,global_val_client_task,val,cycle4,78,,,,,,,,,,2000,156.0,22.0,1821.0,1.0,0.8764044943820225,0.9936305732484076,0.9313433170318604,0.9313433170318604,0.9313433170318604,157.0,0.07850000262260437
fedavg,fedavg,434|504,434|504,2,504,data_2000_3_11_chordal,global_val_client_task,val,cycle5,78,,,,,,,,,,2000,187.0,37.0,1776.0,0.0,0.8348214285714286,1.0,0.9099756479263306,0.9099756479263306,0.9099756479263306,187.0,0.09350000321865082
fedavg,fedavg,434|504,434|504,2,504,data_2000_3_11_chordal,global_val_client_task,val,cycle6,78,,,,,,,,,,2000,162.0,64.0,1753.0,21.0,0.7168141592920354,0.8852459016393442,0.7921760678291321,0.7921760678291321,0.7921760678291321,183.0,0.09149999916553497
fedavg,fedavg,434|504,434|504,2,all,all,global_val_mean,val,,78,,,0.1438201399743557,0.9613666666666668,0.8450000087420145,0.9282529211229824,0.9259931445121765,0.9259931445121765,0.9259931445121765,6000,,,,,,,,,,,
fedavg,fedavg,434|504,434|504,2,434,data_4000_5_2.0_chordal,train_epoch,train,,79,1.0,0.05500685566663742,,,,,,,,4000,,,,,,,,,,,
fedavg,fedavg,434|504,434|504,2,434,data_4000_5_2.0_chordal,train_epoch,train,,79,2.0,0.05615889509022236,,,,,,,,4000,,,,,,,,,,,
fedavg,fedavg,434|504,434|504,2,434,data_4000_5_2.0_chordal,train_epoch,train,,79,3.0,0.055901759907603266,,,,,,,,4000,,,,,,,,,,,
fedavg,fedavg,434|504,434|504,2,434,data_4000_5_2.0_chordal,train_epoch,train,,79,4.0,0.059404236771166324,,,,,,,,4000,,,,,,,,,,,
fedavg,fedavg,434|504,434|504,2,434,data_4000_5_2.0_chordal,train_epoch,train,,79,5.0,0.05669140369445085,,,,,,,,4000,,,,,,,,,,,
fedavg,fedavg,434|504,434|504,2,434,data_4000_5_2.0_chordal,val_epoch,val,,79,,,0.13964527428150178,0.96195,0.843999981880188,0.9549250725581946,0.9425678253173828,0.9425678253173828,0.9425678253173828,4000,,,,,,,,,,,
fedavg,fedavg,434|504,434|504,2,434,data_4000_5_2.0_chordal,val_epoch_task,val,cycle2,79,,,,,,,,,,4000,1986.0,11.0,2003.0,0.0,0.9944917376064096,1.0,0.9972382187843323,0.9972382187843323,0.9972382187843323,1986.0,0.4964999854564667
fedavg,fedavg,434|504,434|504,2,434,data_4000_5_2.0_chordal,val_epoch_task,val,cycle3,79,,,,,,,,,,4000,1984.0,22.0,1991.0,3.0,0.9890329012961117,0.9984901862103673,0.993739128112793,0.993739128112793,0.993739128112793,1987.0,0.49674999713897705
fedavg,fedavg,434|504,434|504,2,434,data_4000_5_2.0_chordal,val_epoch_task,val,cycle4,79,,,,,,,,,,4000,1720.0,28.0,2209.0,43.0,0.9839816933638444,0.975609756097561,0.9797778725624084,0.9797778725624084,0.9797778725624084,1763.0,0.44075000286102295
fedavg,fedavg,434|504,434|504,2,434,data_4000_5_2.0_chordal,val_epoch_task,val,cycle5,79,,,,,,,,,,4000,1427.0,133.0,2342.0,98.0,0.9147435897435897,0.9357377049180328,0.9251216650009155,0.9251216650009155,0.9251216650009155,1525.0,0.3812499940395355
fedavg,fedavg,434|504,434|504,2,434,data_4000_5_2.0_chordal,val_epoch_task,val,cycle6,79,,,,,,,,,,4000,944.0,228.0,2633.0,195.0,0.8054607508532423,0.8287971905179983,0.8169623017311096,0.8169623017311096,0.8169623017311096,1139.0,0.2847500145435333
fedavg,fedavg,434|504,434|504,2,504,data_2000_3_11_chordal,train_epoch,train,,79,1.0,0.11306119579076766,,,,,,,,2000,,,,,,,,,,,
fedavg,fedavg,434|504,434|504,2,504,data_2000_3_11_chordal,train_epoch,train,,79,2.0,0.09966886166110635,,,,,,,,2000,,,,,,,,,,,
fedavg,fedavg,434|504,434|504,2,504,data_2000_3_11_chordal,train_epoch,train,,79,3.0,0.1036635781377554,,,,,,,,2000,,,,,,,,,,,
fedavg,fedavg,434|504,434|504,2,504,data_2000_3_11_chordal,train_epoch,train,,79,4.0,0.11716409826278687,,,,,,,,2000,,,,,,,,,,,
fedavg,fedavg,434|504,434|504,2,504,data_2000_3_11_chordal,train_epoch,train,,79,5.0,0.11243461623927578,,,,,,,,2000,,,,,,,,,,,
fedavg,fedavg,434|504,434|504,2,504,data_2000_3_11_chordal,val_epoch,val,,79,,,0.12096238994598389,0.9743,0.8955000042915344,0.849443468072642,0.8824761509895325,0.8824761509895325,0.8824761509895325,2000,,,,,,,,,,,
fedavg,fedavg,434|504,434|504,2,504,data_2000_3_11_chordal,val_epoch_task,val,cycle2,79,,,,,,,,,,2000,82.0,4.0,1914.0,0.0,0.9534883720930233,1.0,0.976190447807312,0.976190447807312,0.976190447807312,82.0,0.04100000113248825
fedavg,fedavg,434|504,434|504,2,504,data_2000_3_11_chordal,val_epoch_task,val,cycle3,79,,,,,,,,,,2000,128.0,11.0,1861.0,0.0,0.920863309352518,1.0,0.9588015079498291,0.9588015079498291,0.9588015079498291,128.0,0.06400000303983688
fedavg,fedavg,434|504,434|504,2,504,data_2000_3_11_chordal,val_epoch_task,val,cycle4,79,,,,,,,,,,2000,153.0,12.0,1831.0,4.0,0.9272727272727272,0.9745222929936306,0.9503105878829956,0.9503105878829956,0.9503105878829956,157.0,0.07850000262260437
fedavg,fedavg,434|504,434|504,2,504,data_2000_3_11_chordal,val_epoch_task,val,cycle5,79,,,,,,,,,,2000,185.0,87.0,1726.0,2.0,0.6801470588235294,0.9893048128342246,0.8061001896858215,0.8061001896858215,0.8061001896858215,187.0,0.09350000321865082
fedavg,fedavg,434|504,434|504,2,504,data_2000_3_11_chordal,val_epoch_task,val,cycle6,79,,,,,,,,,,2000,177.0,131.0,1686.0,6.0,0.5746753246753247,0.9672131147540983,0.7209776043891907,0.7209776043891907,0.7209776043891907,183.0,0.09149999916553497
fedavg,fedavg,434|504,434|504,2,434,data_4000_5_2.0_chordal,global_val_client,val,,79,,,0.15288380587100983,0.94915,0.797249972820282,0.942448078773131,0.9326038360595703,0.9326038360595703,0.9326038360595703,4000,,,,,,,,,,,
fedavg,fedavg,434|504,434|504,2,434,data_4000_5_2.0_chordal,global_val_client_task,val,cycle2,79,,,,,,,,,,4000,1986.0,7.0,2007.0,0.0,0.9964877069744105,1.0,0.9982407689094543,0.9982407689094543,0.9982407689094543,1986.0,0.4964999854564667
fedavg,fedavg,434|504,434|504,2,434,data_4000_5_2.0_chordal,global_val_client_task,val,cycle3,79,,,,,,,,,,4000,1987.0,16.0,1997.0,0.0,0.9920119820269596,1.0,0.9959899187088013,0.9959899187088013,0.9959899187088013,1987.0,0.49674999713897705
fedavg,fedavg,434|504,434|504,2,434,data_4000_5_2.0_chordal,global_val_client_task,val,cycle4,79,,,,,,,,,,4000,1757.0,103.0,2134.0,6.0,0.9446236559139785,0.996596710153148,0.969914436340332,0.969914436340332,0.969914436340332,1763.0,0.44075000286102295
fedavg,fedavg,434|504,434|504,2,434,data_4000_5_2.0_chordal,global_val_client_task,val,cycle5,79,,,,,,,,,,4000,1510.0,342.0,2133.0,15.0,0.8153347732181425,0.9901639344262295,0.8942849040031433,0.8942849040031433,0.8942849040031433,1525.0,0.3812499940395355
fedavg,fedavg,434|504,434|504,2,434,data_4000_5_2.0_chordal,global_val_client_task,val,cycle6,79,,,,,,,,,,4000,1087.0,476.0,2385.0,52.0,0.6954574536148432,0.9543459174714662,0.8045892119407654,0.8045892119407654,0.8045892119407654,1139.0,0.2847500145435333
fedavg,fedavg,434|504,434|504,2,504,data_2000_3_11_chordal,global_val_client,val,,79,,,0.1472863289564848,0.9843,0.9350000023841858,0.9011957205789807,0.9136030077934265,0.9136030077934265,0.9136030077934265,2000,,,,,,,,,,,
fedavg,fedavg,434|504,434|504,2,504,data_2000_3_11_chordal,global_val_client_task,val,cycle2,79,,,,,,,,,,2000,82.0,8.0,1910.0,0.0,0.9111111111111111,1.0,0.9534883499145508,0.9534883499145508,0.9534883499145508,82.0,0.04100000113248825
fedavg,fedavg,434|504,434|504,2,504,data_2000_3_11_chordal,global_val_client_task,val,cycle3,79,,,,,,,,,,2000,128.0,12.0,1860.0,0.0,0.9142857142857143,1.0,0.9552239179611206,0.9552239179611206,0.9552239179611206,128.0,0.06400000303983688
fedavg,fedavg,434|504,434|504,2,504,data_2000_3_11_chordal,global_val_client_task,val,cycle4,79,,,,,,,,,,2000,154.0,10.0,1833.0,3.0,0.9390243902439024,0.9808917197452229,0.9595015048980713,0.9595015048980713,0.9595015048980713,157.0,0.07850000262260437
fedavg,fedavg,434|504,434|504,2,504,data_2000_3_11_chordal,global_val_client_task,val,cycle5,79,,,,,,,,,,2000,185.0,46.0,1767.0,2.0,0.8008658008658008,0.9893048128342246,0.8851675391197205,0.8851675391197205,0.8851675391197205,187.0,0.09350000321865082
fedavg,fedavg,434|504,434|504,2,504,data_2000_3_11_chordal,global_val_client_task,val,cycle6,79,,,,,,,,,,2000,167.0,60.0,1757.0,16.0,0.73568281938326,0.912568306010929,0.8146341443061829,0.8146341443061829,0.8146341443061829,183.0,0.09149999916553497
fedavg,fedavg,434|504,434|504,2,all,all,global_val_mean,val,,79,,,0.1510179802328348,0.9608666666666668,0.8431666493415833,0.9286972927084142,0.9262702266375223,0.9262702266375223,0.9262702266375223,6000,,,,,,,,,,,
fedavg,fedavg,434|504,434|504,2,434,data_4000_5_2.0_chordal,train_epoch,train,,80,1.0,0.048724082306027414,,,,,,,,4000,,,,,,,,,,,
fedavg,fedavg,434|504,434|504,2,434,data_4000_5_2.0_chordal,train_epoch,train,,80,2.0,0.05819932609796524,,,,,,,,4000,,,,,,,,,,,
fedavg,fedavg,434|504,434|504,2,434,data_4000_5_2.0_chordal,train_epoch,train,,80,3.0,0.05372939974069595,,,,,,,,4000,,,,,,,,,,,
fedavg,fedavg,434|504,434|504,2,434,data_4000_5_2.0_chordal,train_epoch,train,,80,4.0,0.055648712530732156,,,,,,,,4000,,,,,,,,,,,
fedavg,fedavg,434|504,434|504,2,434,data_4000_5_2.0_chordal,train_epoch,train,,80,5.0,0.061376898288726806,,,,,,,,4000,,,,,,,,,,,
fedavg,fedavg,434|504,434|504,2,434,data_4000_5_2.0_chordal,val_epoch,val,,80,,,0.13935640734434127,0.95815,0.8267499804496765,0.9508600951094933,0.938801109790802,0.938801109790802,0.938801109790802,4000,,,,,,,,,,,
fedavg,fedavg,434|504,434|504,2,434,data_4000_5_2.0_chordal,val_epoch_task,val,cycle2,80,,,,,,,,,,4000,1983.0,5.0,2009.0,3.0,0.9974849094567404,0.9984894259818731,0.9979869723320007,0.9979869723320007,0.9979869723320007,1986.0,0.4964999854564667
fedavg,fedavg,434|504,434|504,2,434,data_4000_5_2.0_chordal,val_epoch_task,val,cycle3,80,,,,,,,,,,4000,1954.0,7.0,2006.0,33.0,0.9964303926568078,0.9833920483140413,0.9898683428764343,0.9898683428764343,0.9898683428764343,1987.0,0.49674999713897705
fedavg,fedavg,434|504,434|504,2,434,data_4000_5_2.0_chordal,val_epoch_task,val,cycle4,80,,,,,,,,,,4000,1750.0,63.0,2174.0,13.0,0.9652509652509652,0.9926262053318208,0.9787471890449524,0.9787471890449524,0.9787471890449524,1763.0,0.44075000286102295
fedavg,fedavg,434|504,434|504,2,434,data_4000_5_2.0_chordal,val_epoch_task,val,cycle5,80,,,,,,,,,,4000,1448.0,187.0,2288.0,77.0,0.8856269113149847,0.9495081967213115,0.9164556860923767,0.9164556860923767,0.9164556860923767,1525.0,0.3812499940395355
fedavg,fedavg,434|504,434|504,2,434,data_4000_5_2.0_chordal,val_epoch_task,val,cycle6,80,,,,,,,,,,4000,963.0,273.0,2588.0,176.0,0.779126213592233,0.845478489903424,0.8109473586082458,0.8109473586082458,0.8109473586082458,1139.0,0.2847500145435333
fedavg,fedavg,434|504,434|504,2,504,data_2000_3_11_chordal,train_epoch,train,,80,1.0,0.10995415697991848,,,,,,,,2000,,,,,,,,,,,
fedavg,fedavg,434|504,434|504,2,504,data_2000_3_11_chordal,train_epoch,train,,80,2.0,0.08610572446882725,,,,,,,,2000,,,,,,,,,,,
fedavg,fedavg,434|504,434|504,2,504,data_2000_3_11_chordal,train_epoch,train,,80,3.0,0.10968673449754715,,,,,,,,2000,,,,,,,,,,,
fedavg,fedavg,434|504,434|504,2,504,data_2000_3_11_chordal,train_epoch,train,,80,4.0,0.09808720217272639,,,,,,,,2000,,,,,,,,,,,
fedavg,fedavg,434|504,434|504,2,504,data_2000_3_11_chordal,train_epoch,train,,80,5.0,0.09786260163784027,,,,,,,,2000,,,,,,,,,,,
fedavg,fedavg,434|504,434|504,2,504,data_2000_3_11_chordal,val_epoch,val,,80,,,0.1529762434833683,0.977,0.906000018119812,0.8629320619785459,0.8926516771316528,0.8926516771316528,0.8926516771316528,2000,,,,,,,,,,,
fedavg,fedavg,434|504,434|504,2,504,data_2000_3_11_chordal,val_epoch_task,val,cycle2,80,,,,,,,,,,2000,82.0,4.0,1914.0,0.0,0.9534883720930233,1.0,0.976190447807312,0.976190447807312,0.976190447807312,82.0,0.04100000113248825
fedavg,fedavg,434|504,434|504,2,504,data_2000_3_11_chordal,val_epoch_task,val,cycle3,80,,,,,,,,,,2000,128.0,5.0,1867.0,0.0,0.9624060150375939,1.0,0.9808429479598999,0.9808429479598999,0.9808429479598999,128.0,0.06400000303983688
fedavg,fedavg,434|504,434|504,2,504,data_2000_3_11_chordal,val_epoch_task,val,cycle4,80,,,,,,,,,,2000,154.0,23.0,1820.0,3.0,0.8700564971751412,0.9808917197452229,0.9221556782722473,0.9221556782722473,0.9221556782722473,157.0,0.07850000262260437
fedavg,fedavg,434|504,434|504,2,504,data_2000_3_11_chordal,val_epoch_task,val,cycle5,80,,,,,,,,,,2000,178.0,53.0,1760.0,9.0,0.7705627705627706,0.9518716577540107,0.8516746163368225,0.8516746163368225,0.8516746163368225,187.0,0.09350000321865082
fedavg,fedavg,434|504,434|504,2,504,data_2000_3_11_chordal,val_epoch_task,val,cycle6,80,,,,,,,,,,2000,182.0,132.0,1685.0,1.0,0.5796178343949044,0.994535519125683,0.7323943376541138,0.7323943376541138,0.7323943376541138,183.0,0.09149999916553497
fedavg,fedavg,434|504,434|504,2,434,data_4000_5_2.0_chordal,global_val_client,val,,80,,,0.16580330562591553,0.94115,0.7717499732971191,0.93412436335143,0.924209713935852,0.924209713935852,0.924209713935852,4000,,,,,,,,,,,
fedavg,fedavg,434|504,434|504,2,434,data_4000_5_2.0_chordal,global_val_client_task,val,cycle2,80,,,,,,,,,,4000,1984.0,5.0,2009.0,2.0,0.9974861739567622,0.998992950654582,0.9982389807701111,0.9982389807701111,0.9982389807701111,1986.0,0.4964999854564667
fedavg,fedavg,434|504,434|504,2,434,data_4000_5_2.0_chordal,global_val_client_task,val,cycle3,80,,,,,,,,,,4000,1986.0,10.0,2003.0,1.0,0.9949899799599199,0.9994967287367891,0.9972382187843323,0.9972382187843323,0.9972382187843323,1987.0,0.49674999713897705
fedavg,fedavg,434|504,434|504,2,434,data_4000_5_2.0_chordal,global_val_client_task,val,cycle4,80,,,,,,,,,,4000,1757.0,94.0,2143.0,6.0,0.949216639654241,0.996596710153148,0.97232985496521,0.97232985496521,0.97232985496521,1763.0,0.44075000286102295
fedavg,fedavg,434|504,434|504,2,434,data_4000_5_2.0_chordal,global_val_client_task,val,cycle5,80,,,,,,,,,,4000,1517.0,397.0,2078.0,8.0,0.7925809822361547,0.9947540983606558,0.8822331428527832,0.8822331428527832,0.8822331428527832,1525.0,0.3812499940395355
fedavg,fedavg,434|504,434|504,2,434,data_4000_5_2.0_chordal,global_val_client_task,val,cycle6,80,,,,,,,,,,4000,1101.0,616.0,2245.0,38.0,0.6412347117064647,0.9666374012291484,0.7710083723068237,0.7710083723068237,0.7710083723068237,1139.0,0.2847500145435333
fedavg,fedavg,434|504,434|504,2,504,data_2000_3_11_chordal,global_val_client,val,,80,,,0.13602672132849694,0.9854,0.9380000233650208,0.9078282828282828,0.9221161603927612,0.9221161603927612,0.9221161603927612,2000,,,,,,,,,,,
fedavg,fedavg,434|504,434|504,2,504,data_2000_3_11_chordal,global_val_client_task,val,cycle2,80,,,,,,,,,,2000,82.0,4.0,1914.0,0.0,0.9534883720930233,1.0,0.976190447807312,0.976190447807312,0.976190447807312,82.0,0.04100000113248825
fedavg,fedavg,434|504,434|504,2,504,data_2000_3_11_chordal,global_val_client_task,val,cycle3,80,,,,,,,,,,2000,128.0,8.0,1864.0,0.0,0.9411764705882353,1.0,0.9696969985961914,0.9696969985961914,0.9696969985961914,128.0,0.06400000303983688
fedavg,fedavg,434|504,434|504,2,504,data_2000_3_11_chordal,global_val_client_task,val,cycle4,80,,,,,,,,,,2000,154.0,15.0,1828.0,3.0,0.9112426035502958,0.9808917197452229,0.9447852373123169,0.9447852373123169,0.9447852373123169,157.0,0.07850000262260437
fedavg,fedavg,434|504,434|504,2,504,data_2000_3_11_chordal,global_val_client_task,val,cycle5,80,,,,,,,,,,2000,182.0,39.0,1774.0,5.0,0.8235294117647058,0.9732620320855615,0.8921568989753723,0.8921568989753723,0.8921568989753723,187.0,0.09350000321865082
fedavg,fedavg,434|504,434|504,2,504,data_2000_3_11_chordal,global_val_client_task,val,cycle6,80,,,,,,,,,,2000,173.0,62.0,1755.0,10.0,0.7361702127659574,0.9453551912568307,0.8277511596679688,0.8277511596679688,0.8277511596679688,183.0,0.09149999916553497
fedavg,fedavg,434|504,434|504,2,all,all,global_val_mean,val,,80,,,0.155877777526776,0.9559000000000001,0.8271666566530863,0.9253590031770476,0.9235118627548218,0.9235118627548218,0.9235118627548218,6000,,,,,,,,,,,
fedavg,fedavg,434|504,434|504,2,434,data_4000_5_2.0_chordal,best_global_train,train,,30,,,0.08174426680803298,0.96895,0.8740000128746033,0.9657832387459363,0.9615191221237183,0.9615191221237183,0.9615191221237183,4000,,,,,,,,,,,
fedavg,fedavg,434|504,434|504,2,434,data_4000_5_2.0_chordal,best_global_train_task,train,cycle2,30,,,,,,,,,,4000,1984.0,10.0,2006.0,0.0,0.9949849548645938,1.0,0.9974861741065979,0.9974861741065979,0.9974861741065979,1984.0,0.4959999918937683
fedavg,fedavg,434|504,434|504,2,434,data_4000_5_2.0_chordal,best_global_train_task,train,cycle3,30,,,,,,,,,,4000,1989.0,18.0,1993.0,0.0,0.9910313901345291,1.0,0.9954954981803894,0.9954954981803894,0.9954954981803894,1989.0,0.4972499907016754
fedavg,fedavg,434|504,434|504,2,434,data_4000_5_2.0_chordal,best_global_train_task,train,cycle4,30,,,,,,,,,,4000,1844.0,83.0,2067.0,6.0,0.956927867151012,0.9967567567567568,0.9764363765716553,0.9764363765716553,0.9764363765716553,1850.0,0.4625000059604645
fedavg,fedavg,434|504,434|504,2,434,data_4000_5_2.0_chordal,best_global_train_task,train,cycle5,30,,,,,,,,,,4000,1639.0,186.0,2167.0,8.0,0.8980821917808219,0.9951426836672739,0.9441244006156921,0.9441244006156921,0.9441244006156921,1647.0,0.4117499887943268
fedavg,fedavg,434|504,434|504,2,434,data_4000_5_2.0_chordal,best_global_train_task,train,cycle6,30,,,,,,,,,,4000,1308.0,292.0,2382.0,18.0,0.8175,0.9864253393665159,0.8940533399581909,0.8940533399581909,0.8940533399581909,1326.0,0.33149999380111694
fedavg,fedavg,434|504,434|504,2,504,data_2000_3_11_chordal,best_global_train,train,,30,,,0.12921368631720542,0.9853,0.9375,0.8915129151291513,0.8961594700813293,0.8961594700813293,0.8961594700813293,2000,,,,,,,,,,,
fedavg,fedavg,434|504,434|504,2,504,data_2000_3_11_chordal,best_global_train_task,train,cycle2,30,,,,,,,,,,2000,118.0,9.0,1873.0,0.0,0.9291338582677166,1.0,0.9632652401924133,0.9632652401924133,0.9632652401924133,118.0,0.05900000035762787
fedavg,fedavg,434|504,434|504,2,504,data_2000_3_11_chordal,best_global_train_task,train,cycle3,30,,,,,,,,,,2000,109.0,15.0,1876.0,0.0,0.8790322580645161,1.0,0.9356223344802856,0.9356223344802856,0.9356223344802856,109.0,0.054499998688697815
fedavg,fedavg,434|504,434|504,2,504,data_2000_3_11_chordal,best_global_train_task,train,cycle4,30,,,,,,,,,,2000,133.0,18.0,1843.0,6.0,0.8807947019867549,0.9568345323741008,0.9172413349151611,0.9172413349151611,0.9172413349151611,139.0,0.06949999928474426
fedavg,fedavg,434|504,434|504,2,504,data_2000_3_11_chordal,best_global_train_task,train,cycle5,30,,,,,,,,,,2000,104.0,39.0,1856.0,1.0,0.7272727272727273,0.9904761904761905,0.8387097120285034,0.8387097120285034,0.8387097120285034,105.0,0.05249999836087227
fedavg,fedavg,434|504,434|504,2,504,data_2000_3_11_chordal,best_global_train_task,train,cycle6,30,,,,,,,,,,2000,140.0,50.0,1801.0,9.0,0.7368421052631579,0.9395973154362416,0.8259586691856384,0.8259586691856384,0.8259586691856384,149.0,0.07450000196695328
fedavg,fedavg,434|504,434|504,2,434,data_4000_5_2.0_chordal,best_global_val,val,,30,,,0.12762157467007637,0.9529,0.8125,0.9463736764203574,0.9365900158882141,0.9365900158882141,0.9365900158882141,4000,,,,,,,,,,,
fedavg,fedavg,434|504,434|504,2,434,data_4000_5_2.0_chordal,best_global_val_task,val,cycle2,30,,,,,,,,,,4000,1986.0,7.0,2007.0,0.0,0.9964877069744105,1.0,0.9982407689094543,0.9982407689094543,0.9982407689094543,1986.0,0.4964999854564667
fedavg,fedavg,434|504,434|504,2,434,data_4000_5_2.0_chordal,best_global_val_task,val,cycle3,30,,,,,,,,,,4000,1987.0,22.0,1991.0,0.0,0.9890492782478845,1.0,0.9944944977760315,0.9944944977760315,0.9944944977760315,1987.0,0.49674999713897705
fedavg,fedavg,434|504,434|504,2,434,data_4000_5_2.0_chordal,best_global_val_task,val,cycle4,30,,,,,,,,,,4000,1754.0,100.0,2137.0,9.0,0.9460625674217907,0.994895065229722,0.969864547252655,0.969864547252655,0.969864547252655,1763.0,0.44075000286102295
fedavg,fedavg,434|504,434|504,2,434,data_4000_5_2.0_chordal,best_global_val_task,val,cycle5,30,,,,,,,,,,4000,1503.0,278.0,2197.0,22.0,0.8439079169006176,0.9855737704918033,0.9092559218406677,0.9092559218406677,0.9092559218406677,1525.0,0.3812499940395355
fedavg,fedavg,434|504,434|504,2,434,data_4000_5_2.0_chordal,best_global_val_task,val,cycle6,30,,,,,,,,,,4000,1082.0,447.0,2414.0,57.0,0.7076520601700458,0.9499561018437226,0.8110944032669067,0.8110944032669067,0.8110944032669067,1139.0,0.2847500145435333
fedavg,fedavg,434|504,434|504,2,504,data_2000_3_11_chordal,best_global_val,val,,30,,,0.15860571253672243,0.9825,0.9269999861717224,0.890282131661442,0.9034097790718079,0.9034097790718079,0.9034097790718079,2000,,,,,,,,,,,
fedavg,fedavg,434|504,434|504,2,504,data_2000_3_11_chordal,best_global_val_task,val,cycle2,30,,,,,,,,,,2000,82.0,7.0,1911.0,0.0,0.9213483146067416,1.0,0.9590643644332886,0.9590643644332886,0.9590643644332886,82.0,0.04100000113248825
fedavg,fedavg,434|504,434|504,2,504,data_2000_3_11_chordal,best_global_val_task,val,cycle3,30,,,,,,,,,,2000,128.0,19.0,1853.0,0.0,0.8707482993197279,1.0,0.9309090971946716,0.9309090971946716,0.9309090971946716,128.0,0.06400000303983688
fedavg,fedavg,434|504,434|504,2,504,data_2000_3_11_chordal,best_global_val_task,val,cycle4,30,,,,,,,,,,2000,152.0,12.0,1831.0,5.0,0.926829268292683,0.9681528662420382,0.9470405578613281,0.9470405578613281,0.9470405578613281,157.0,0.07850000262260437
fedavg,fedavg,434|504,434|504,2,504,data_2000_3_11_chordal,best_global_val_task,val,cycle5,30,,,,,,,,,,2000,183.0,55.0,1758.0,4.0,0.7689075630252101,0.9786096256684492,0.8611764907836914,0.8611764907836914,0.8611764907836914,187.0,0.09350000321865082
fedavg,fedavg,434|504,434|504,2,504,data_2000_3_11_chordal,best_global_val_task,val,cycle6,30,,,,,,,,,,2000,165.0,55.0,1762.0,18.0,0.75,0.9016393442622951,0.8188585042953491,0.8188585042953491,0.8188585042953491,183.0,0.09149999916553497
fedavg,fedavg,434|504,434|504,2,434,data_4000_5_2.0_chordal,best_global_test,test,,30,,,0.12278981709480286,0.9558,0.8222500085830688,0.9494914866872356,0.9423584938049316,0.9423584938049316,0.9423584938049316,4000,,,,,,,,,,,
fedavg,fedavg,434|504,434|504,2,434,data_4000_5_2.0_chordal,best_global_test_task,test,cycle2,30,,,,,,,,,,4000,1994.0,8.0,1997.0,1.0,0.996003996003996,0.9994987468671679,0.9977483153343201,0.9977483153343201,0.9977483153343201,1995.0,0.4987500011920929
fedavg,fedavg,434|504,434|504,2,434,data_4000_5_2.0_chordal,best_global_test_task,test,cycle3,30,,,,,,,,,,4000,1894.0,25.0,2081.0,0.0,0.9869723814486712,1.0,0.993443489074707,0.993443489074707,0.993443489074707,1894.0,0.47350001335144043
fedavg,fedavg,434|504,434|504,2,434,data_4000_5_2.0_chordal,best_global_test_task,test,cycle4,30,,,,,,,,,,4000,1751.0,108.0,2135.0,6.0,0.9419042495965573,0.9965850882185544,0.9684734344482422,0.9684734344482422,0.9684734344482422,1757.0,0.43924999237060547
fedavg,fedavg,434|504,434|504,2,434,data_4000_5_2.0_chordal,best_global_test_task,test,cycle5,30,,,,,,,,,,4000,1493.0,266.0,2220.0,21.0,0.8487777146105742,0.9861294583883752,0.9123128652572632,0.9123128652572632,0.9123128652572632,1514.0,0.3785000145435333
fedavg,fedavg,434|504,434|504,2,434,data_4000_5_2.0_chordal,best_global_test_task,test,cycle6,30,,,,,,,,,,4000,1177.0,404.0,2374.0,45.0,0.7444655281467426,0.9631751227495908,0.8398144841194153,0.8398144841194153,0.8398144841194153,1222.0,0.30550000071525574
fedavg,fedavg,434|504,434|504,2,504,data_2000_3_11_chordal,best_global_test,test,,30,,,0.16687206280231476,0.9822,0.9279999732971191,0.8760445682451252,0.8902274370193481,0.8902274370193481,0.8902274370193481,2000,,,,,,,,,,,
fedavg,fedavg,434|504,434|504,2,504,data_2000_3_11_chordal,best_global_test_task,test,cycle2,30,,,,,,,,,,2000,92.0,7.0,1901.0,0.0,0.9292929292929293,1.0,0.963350772857666,0.963350772857666,0.963350772857666,92.0,0.04600000008940697
fedavg,fedavg,434|504,434|504,2,504,data_2000_3_11_chordal,best_global_test_task,test,cycle3,30,,,,,,,,,,2000,137.0,11.0,1852.0,0.0,0.9256756756756757,1.0,0.9614035487174988,0.9614035487174988,0.9614035487174988,137.0,0.06849999725818634
fedavg,fedavg,434|504,434|504,2,504,data_2000_3_11_chordal,best_global_test_task,test,cycle4,30,,,,,,,,,,2000,117.0,16.0,1864.0,3.0,0.8796992481203008,0.975,0.9249011874198914,0.9249011874198914,0.9249011874198914,120.0,0.05999999865889549
fedavg,fedavg,434|504,434|504,2,504,data_2000_3_11_chordal,best_global_test_task,test,cycle5,30,,,,,,,,,,2000,136.0,61.0,1798.0,5.0,0.6903553299492385,0.9645390070921985,0.8047336935997009,0.8047336935997009,0.8047336935997009,141.0,0.07050000131130219
fedavg,fedavg,434|504,434|504,2,504,data_2000_3_11_chordal,best_global_test_task,test,cycle6,30,,,,,,,,,,2000,147.0,55.0,1778.0,20.0,0.7277227722772277,0.8802395209580839,0.7967479228973389,0.7967479228973389,0.7967479228973389,167.0,0.08349999785423279
